2019-3-27 8:47:38 -0000920 -0000482 -0000266 -0000542 -0000213 -0001220 +0000060 +0000199 -0002035 -0000218 +0090385 -0002595 -0071776 -0071084
2019-3-27 8:49:43 -0000921 -0000480 -0000265 -0000541 -0000214 -0001217 +0000060 +0000200 -0002034 -0000219 +0090381 -0002594 -0071771 -0071069
2019-3-27 8:51:48 -0000918 -0000479 -0000266 -0000540 -0000212 -0001217 +0000060 +0000201 -0002033 -0000219 +0090390 -0002593 -0071771 -0071065
2019-3-27 8:58:24 -0000918 -0000479 -0000263 -0000538 -0000212 -0001213 +0000063 +0000201 -0002032 -0000217 +0090413 -0002591 -0071771 -0071074
2019-3-27 9:12:20 -0000917 -0000479 -0000264 -0000538 -0000212 -0001216 +0000060 +0000201 -0002032 -0000216 +0090411 -0002592 -0071771 -0071104
2019-3-27 9:18:14 -0000919 -0000479 -0000263 -0000540 -0000212 -0001217 +0000061 +0000200 -0002034 -0000217 +0090403 -0002593 -0071772 -0071097
2019-3-27 9:49:27 -0000918 -0000481 -0000266 -0000540 -0000211 -0001216 +0000061 +0000199 -0002034 -0000217 +0090433 -0002591 -0071774 -0071104
2019-3-27 10:20:40 -0000919 -0000482 -0000268 -0000542 -0000215 -0001220 +0000058 +0000196 -0002035 -0000221 +0090451 -0002595 -0071775 -0071107
2019-3-27 10:51:53 -0000919 -0000481 -0000266 -0000541 -0000215 -0001218 +0000061 +0000199 -0002033 -0000219 +0090458 -0002593 -0071772 -0071104
2019-3-27 11:23:06 -0000920 -0000479 -0000266 -0000539 -0000214 -0001217 +0000059 +0000198 -0002033 -0000215 +0090466 -0002591 -0071770 -0071102
2019-3-27 11:54:19 -0000922 -0000482 -0000270 -0000545 -0000215 -0001221 +0000057 +0000194 -0002037 -0000221 +0090459 -0002595 -0071776 -0071108
2019-3-27 12:25:31 -0000918 -0000481 -0000266 -0000539 -0000213 -0001218 +0000060 +0000198 -0002033 -0000219 +0090483 -0002591 -0071770 -0071103
2019-3-27 12:56:44 -0000920 -0000481 -0000270 -0000544 -0000214 -0001219 +0000059 +0000195 -0002036 -0000220 +0090512 -0002595 -0071774 -0071106
2019-3-27 13:27:57 -0000921 -0000481 -0000269 -0000542 -0000215 -0001219 +0000059 +0000196 -0002035 -0000218 +0090523 -0002592 -0071772 -0071104
2019-3-27 13:59:10 -0000918 -0000479 -0000267 -0000542 -0000212 -0001217 +0000060 +0000197 -0002033 -0000218 +0090553 -0002593 -0071770 -0071102
2019-3-27 14:30:23 -0000917 -0000478 -0000268 -0000539 -0000212 -0001215 +0000059 +0000199 -0002032 -0000217 +0090575 -0002591 -0071770 -0071101
2019-3-27 15:01:36 -0000920 -0000481 -0000266 -0000539 -0000212 -0001215 +0000061 +0000200 -0002034 -0000217 +0090562 -0002591 -0071759 -0071056
2019-3-27 15:32:49 -0000921 -0000479 -0000266 -0000540 -0000212 -0001217 +0000059 +0000195 -0002032 -0000215 +0090638 -0002593 -0071769 -0071078
2019-3-27 16:04:01 -0000921 -0000481 -0000266 -0000539 -0000213 -0001215 +0000059 +0000197 -0002033 -0000220 +0090616 -0002592 -0071771 -0071086
2019-3-27 16:35:14 -0000920 -0000479 -0000266 -0000539 -0000212 -0001215 +0000061 +0000198 -0002032 -0000218 +0090677 -0002589 -0071766 -0071089
2019-3-27 17:06:27 -0000919 -0000480 -0000266 -0000539 -0000212 -0001215 +0000061 +0000198 -0002032 -0000216 +0090714 -0002591 -0071768 -0071120
2019-3-27 17:37:40 -0000917 -0000479 -0000264 -0000539 -0000212 -0001214 +0000062 +0000198 -0002030 -0000214 +0090729 -0002588 -0071766 -0071122
2019-3-27 18:08:53 -0000918 -0000480 -0000265 -0000539 -0000212 -0001214 +0000060 +0000199 -0002031 -0000217 +0090735 -0002590 -0071768 -0071116
2019-3-28 11:55:25 -0000915 -0000474 -0000266 -0000537 -0000207 -0001212 +0000063 +0000193 -0002030 -0000210 +0091524 -0002581 -0071754 -0071113
2019-3-28 12:26:38 -0000917 -0000471 -0000265 -0000536 -0000207 -0001210 +0000063 +0000193 -0002030 -0000207 +0091515 -0002578 -0071752 -0071109
2019-3-28 12:57:50 -0000917 -0000471 -0000266 -0000536 -0000206 -0001210 +0000064 +0000193 -0002029 -0000208 +0091541 -0002579 -0071754 -0071110
2019-3-28 13:29:03 -0000917 -0000474 -0000268 -0000537 -0000209 -0001211 +0000061 +0000191 -0002030 -0000208 +0091602 -0002579 -0071755 -0071109
2019-3-28 14:00:16 -0000915 -0000470 -0000266 -0000535 -0000207 -0001209 +0000066 +0000194 -0002029 -0000207 +0091603 -0002580 -0071752 -0071106
2019-3-28 14:31:29 -0000923 -0000474 -0000268 -0000537 -0000207 -0001212 +0000062 +0000188 -0002031 -0000211 +0091652 -0002583 -0071744 -0071068
2019-3-28 15:02:42 -0000916 -0000470 -0000265 -0000533 -0000206 -0001209 +0000063 +0000193 -0002028 -0000208 +0091652 -0002578 -0071748 -0071080
2019-3-28 15:33:55 -0000917 -0000473 -0000265 -0000537 -0000207 -0001208 +0000063 +0000193 -0002029 -0000207 +0091645 -0002577 -0071752 -0071092
2019-3-28 16:05:08 -0000917 -0000471 -0000264 -0000535 -0000204 -0001207 +0000066 +0000193 -0002029 -0000207 +0091663 -0002577 -0071749 -0071097
2019-3-28 16:36:21 -0000918 -0000472 -0000266 -0000536 -0000206 -0001208 +0000064 +0000192 -0002029 -0000207 +0091681 -0002579 -0071752 -0071102
2019-3-28 17:07:33 -0000917 -0000471 -0000265 -0000531 -0000205 -0001208 +0000065 +0000194 -0002026 -0000205 +0091708 -0002576 -0071750 -0071100
2019-3-28 17:38:46 -0000918 -0000472 -0000266 -0000535 -0000207 -0001208 +0000063 +0000193 -0002028 -0000206 +0091742 -0002579 -0071754 -0071107
2019-3-28 18:09:59 -0000918 -0000471 -0000267 -0000537 -0000209 -0001210 +0000063 +0000192 -0002029 -0000209 +0091765 -0002579 -0071752 -0071105
2019-3-28 18:41:12 -0000919 -0000473 -0000267 -0000537 -0000208 -0001209 +0000061 +0000191 -0002031 -0000209 +0091760 -0002580 -0071754 -0071107
2019-3-28 19:12:25 -0000916 -0000471 -0000266 -0000533 -0000205 -0001208 +0000065 +0000192 -0002027 -0000206 +0091786 -0002577 -0071749 -0071105
2019-3-28 19:43:38 -0000919 -0000471 -0000268 -0000536 -0000206 -0001209 +0000063 +0000191 -0002030 -0000208 +0091770 -0002578 -0071753 -0071106
2019-3-28 20:14:51 -0000916 -0000469 -0000265 -0000535 -0000206 -0001208 +0000066 +0000193 -0002027 -0000208 +0091758 -0002576 -0071749 -0071103
2019-3-28 20:46:03 -0000918 -0000471 -0000267 -0000538 -0000206 -0001208 +0000062 +0000189 -0002030 -0000208 +0091803 -0002577 -0071753 -0071109
2019-3-28 21:17:16 -0000915 -0000467 -0000264 -0000533 -0000204 -0001206 +0000067 +0000194 -0002028 -0000204 +0091830 -0002575 -0071747 -0071102
2019-3-28 21:48:29 -0000917 -0000469 -0000268 -0000535 -0000206 -0001208 +0000065 +0000191 -0002029 -0000206 +0091852 -0002577 -0071749 -0071104
2019-3-28 22:19:42 -0000920 -0000471 -0000269 -0000538 -0000208 -0001210 +0000061 +0000189 -0002031 -0000207 +0091867 -0002579 -0071752 -0071107
2019-3-28 22:50:55 -0000917 -0000470 -0000270 -0000537 -0000205 -0001209 +0000062 +0000189 -0002031 -0000206 +0091908 -0002576 -0071747 -0071104
2019-3-28 23:22:08 -0000919 -0000469 -0000270 -0000537 -0000206 -0001210 +0000063 +0000189 -0002031 -0000205 +0091898 -0002577 -0071750 -0071105
2019-3-28 23:53:21 -0000920 -0000470 -0000269 -0000538 -0000207 -0001208 +0000062 +0000186 -0002030 -0000208 +0091932 -0002575 -0071752 -0071107
2019-3-29 0:24:34 -0000919 -0000470 -0000269 -0000537 -0000207 -0001209 +0000062 +0000187 -0002031 -0000206 +0091948 -0002576 -0071752 -0071108
2019-3-29 0:55:46 -0000915 -0000468 -0000267 -0000536 -0000203 -0001207 +0000068 +0000192 -0002028 -0000205 +0091938 -0002574 -0071745 -0071103
2019-3-29 1:26:59 -0000919 -0000468 -0000270 -0000537 -0000206 -0001208 +0000065 +0000188 -0002029 -0000206 +0091968 -0002576 -0071748 -0071107
2019-3-29 1:58:12 -0000919 -0000469 -0000268 -0000537 -0000208 -0001210 +0000063 +0000187 -0002031 -0000205 +0091983 -0002577 -0071750 -0071106
2019-3-29 2:29:25 -0000917 -0000469 -0000267 -0000535 -0000205 -0001208 +0000063 +0000188 -0002028 -0000205 +0091988 -0002575 -0071746 -0071102
2019-3-29 3:00:46 -0000939 -0000481 -0000277 -0000539 -0000206 -0001208 +0000058 +0000190 -0002029 -0000205 +0091977 -0002574 -0071601 -0070861
2019-3-29 3:31:51 -0000918 -0000467 -0000267 -0000536 -0000204 -0001207 +0000066 +0000190 -0002026 -0000202 +0092033 -0002572 -0071742 -0071064
2019-3-29 4:03:04 -0000921 -0000469 -0000271 -0000538 -0000206 -0001207 +0000064 +0000189 -0002031 -0000207 +0092028 -0002575 -0071746 -0071083
2019-3-29 4:34:16 -0000919 -0000469 -0000268 -0000536 -0000207 -0001209 +0000063 +0000188 -0002029 -0000205 +0092053 -0002575 -0071749 -0071092
2019-3-29 5:05:29 -0000917 -0000467 -0000266 -0000533 -0000205 -0001205 +0000064 +0000191 -0002027 -0000202 +0092075 -0002572 -0071744 -0071094
2019-3-29 5:36:42 -0000915 -0000465 -0000266 -0000534 -0000203 -0001204 +0000068 +0000192 -0002026 -0000201 +0092086 -0002571 -0071743 -0071095
2019-3-29 6:07:55 -0000917 -0000465 -0000268 -0000535 -0000202 -0001205 +0000065 +0000190 -0002027 -0000203 +0092089 -0002572 -0071743 -0071096
2019-3-29 6:39:08 -0000917 -0000465 -0000266 -0000533 -0000202 -0001205 +0000068 +0000190 -0002026 -0000202 +0092099 -0002570 -0071743 -0071094
2019-3-29 7:10:21 -0000918 -0000468 -0000266 -0000534 -0000203 -0001205 +0000067 +0000189 -0002029 -0000202 +0092124 -0002572 -0071744 -0071099
2019-3-29 7:41:34 -0000917 -0000465 -0000266 -0000532 -0000204 -0001206 +0000066 +0000189 -0002027 -0000202 +0092106 -0002572 -0071742 -0071098
2019-3-29 8:12:47 -0000919 -0000467 -0000268 -0000535 -0000204 -0001206 +0000065 +0000185 -0002028 -0000203 +0092122 -0002570 -0071743 -0071099
2019-3-29 8:43:59 -0000916 -0000466 -0000268 -0000535 -0000204 -0001207 +0000064 +0000187 -0002029 -0000202 +0092121 -0002572 -0071743 -0071100
2019-3-29 9:15:12 -0000918 -0000464 -0000270 -0000533 -0000205 -0001205 +0000064 +0000188 -0002027 -0000202 +0092145 -0002570 -0071744 -0071097
2019-3-29 9:46:25 -0000918 -0000465 -0000269 -0000537 -0000205 -0001208 +0000063 +0000187 -0002030 -0000204 +0092108 -0002573 -0071745 -0071102
2019-3-29 10:17:38 -0000918 -0000465 -0000267 -0000535 -0000204 -0001205 +0000066 +0000187 -0002029 -0000202 +0092123 -0002570 -0071741 -0071096
2019-3-29 10:48:51 -0000919 -0000464 -0000269 -0000535 -0000204 -0001205 +0000066 +0000188 -0002030 -0000201 +0092133 -0002569 -0071742 -0071098
2019-3-29 11:20:04 -0000918 -0000466 -0000269 -0000536 -0000203 -0001207 +0000063 +0000187 -0002028 -0000202 +0092136 -0002570 -0071741 -0071096
2019-3-29 11:51:17 -0000918 -0000466 -0000269 -0000536 -0000204 -0001206 +0000065 +0000184 -0002030 -0000201 +0092177 -0002572 -0071742 -0071099
2019-3-29 12:22:30 -0000917 -0000464 -0000269 -0000535 -0000204 -0001205 +0000067 +0000187 -0002029 -0000202 +0092204 -0002568 -0071741 -0071098
2019-3-29 12:53:42 -0000916 -0000465 -0000269 -0000535 -0000204 -0001205 +0000066 +0000187 -0002028 -0000199 +0092212 -0002569 -0071741 -0071096
2019-3-29 13:24:55 -0000918 -0000467 -0000272 -0000535 -0000205 -0001208 +0000065 +0000183 -0002030 -0000203 +0092211 -0002572 -0071743 -0071099
2019-3-29 13:56:08 -0000918 -0000464 -0000271 -0000536 -0000205 -0001205 +0000063 +0000184 -0002029 -0000201 +0092242 -0002570 -0071742 -0071100
2019-3-29 14:27:21 -0000914 -0000464 -0000268 -0000532 -0000202 -0001203 +0000068 +0000188 -0002027 -0000200 +0092268 -0002568 -0071739 -0071095
2019-3-29 14:58:34 -0000915 -0000464 -0000269 -0000534 -0000203 -0001207 +0000064 +0000186 -0002029 -0000201 +0092310 -0002568 -0071742 -0071101
2019-3-29 15:29:47 -0000915 -0000464 -0000267 -0000534 -0000204 -0001204 +0000066 +0000188 -0002027 -0000200 +0092303 -0002567 -0071738 -0071094
2019-3-29 16:01:00 -0000918 -0000462 -0000267 -0000530 -0000200 -0001202 +0000067 +0000187 -0002026 -0000198 +0092315 -0002567 -0071706 -0071032
2019-3-29 16:32:13 -0000918 -0000462 -0000266 -0000533 -0000200 -0001203 +0000068 +0000188 -0002027 -0000199 +0092336 -0002564 -0071734 -0071064
2019-3-29 17:03:25 -0000919 -0000465 -0000268 -0000533 -0000202 -0001205 +0000066 +0000184 -0002027 -0000199 +0092341 -0002569 -0071738 -0071080
2019-3-29 17:34:38 -0000920 -0000466 -0000270 -0000535 -0000205 -0001207 +0000066 +0000186 -0002029 -0000201 +0092357 -0002569 -0071739 -0071086
2019-3-29 18:05:51 -0000920 -0000465 -0000270 -0000535 -0000204 -0001205 +0000064 +0000185 -0002030 -0000202 +0092362 -0002568 -0071740 -0071089
2019-3-29 18:37:04 -0000917 -0000461 -0000266 -0000535 -0000202 -0001203 +0000069 +0000188 -0002026 -0000199 +0092361 -0002566 -0071736 -0071090
2019-3-29 19:08:17 -0000917 -0000461 -0000267 -0000532 -0000201 -0001201 +0000068 +0000188 -0002025 -0000198 +0092352 -0002565 -0071736 -0071089
2019-3-29 19:39:30 -0000918 -0000462 -0000269 -0000533 -0000202 -0001203 +0000066 +0000185 -0002026 -0000199 +0092361 -0002567 -0071736 -0071091
2019-3-29 20:10:43 -0000920 -0000462 -0000268 -0000534 -0000203 -0001204 +0000065 +0000186 -0002027 -0000199 +0092398 -0002567 -0071738 -0071093
2019-3-29 20:41:56 -0000915 -0000461 -0000266 -0000532 -0000198 -0001201 +0000068 +0000188 -0002025 -0000198 +0092424 -0002564 -0071733 -0071087
2019-3-29 21:13:08 -0000922 -0000464 -0000271 -0000535 -0000203 -0001205 +0000066 +0000184 -0002029 -0000200 +0092418 -0002565 -0071737 -0071095
2019-3-29 21:44:21 -0000919 -0000462 -0000268 -0000534 -0000202 -0001203 +0000066 +0000184 -0002029 -0000198 +0092459 -0002564 -0071734 -0071091
2019-3-29 22:15:34 -0000917 -0000461 -0000269 -0000533 -0000201 -0001203 +0000066 +0000184 -0002029 -0000198 +0092465 -0002565 -0071734 -0071093
2019-3-29 22:46:47 -0000919 -0000460 -0000269 -0000531 -0000200 -0001202 +0000068 +0000184 -0002028 -0000196 +0092464 -0002563 -0071736 -0071090
2019-3-29 23:18:00 -0000917 -0000461 -0000271 -0000533 -0000200 -0001204 +0000067 +0000184 -0002028 -0000199 +0092480 -0002564 -0071734 -0071091
2019-3-29 23:49:13 -0000918 -0000460 -0000271 -0000534 -0000201 -0001202 +0000068 +0000184 -0002029 -0000196 +0092514 -0002564 -0071736 -0071093
2019-3-30 0:20:26 -0000917 -0000459 -0000269 -0000533 -0000201 -0001204 +0000068 +0000183 -0002026 -0000196 +0092535 -0002564 -0071731 -0071087
2019-3-30 0:51:38 -0000918 -0000459 -0000270 -0000532 -0000201 -0001205 +0000068 +0000184 -0002028 -0000197 +0092493 -0002564 -0071736 -0071092
2019-3-30 1:22:51 -0000919 -0000460 -0000272 -0000535 -0000201 -0001204 +0000066 +0000182 -0002027 -0000196 +0092476 -0002563 -0071734 -0071092
2019-3-30 1:54:04 -0000915 -0000459 -0000270 -0000534 -0000201 -0001202 +0000069 +0000183 -0002024 -0000195 +0092534 -0002561 -0071735 -0071091
2019-3-30 2:25:17 -0000919 -0000460 -0000270 -0000533 -0000202 -0001202 +0000067 +0000183 -0002029 -0000196 +0092555 -0002564 -0071737 -0071092
2019-3-30 2:56:30 -0000917 -0000459 -0000271 -0000533 -0000200 -0001205 +0000067 +0000182 -0002026 -0000198 +0092550 -0002562 -0071733 -0071092
2019-3-30 3:27:43 -0000917 -0000458 -0000268 -0000530 -0000199 -0001203 +0000068 +0000184 -0002028 -0000194 +0092534 -0002561 -0071732 -0071088
2019-3-30 3:58:56 -0000916 -0000458 -0000269 -0000533 -0000199 -0001201 +0000068 +0000184 -0002027 -0000195 +0092578 -0002562 -0071729 -0071086
2019-3-30 4:30:09 -0000920 -0000460 -0000271 -0000535 -0000202 -0001203 +0000067 +0000181 -0002026 -0000194 +0092601 -0002562 -0071733 -0071090
2019-3-30 5:01:21 -0000920 -0000458 -0000271 -0000533 -0000198 -0001202 +0000068 +0000185 -0002027 -0000196 +0092585 -0002562 -0071724 -0071049
2019-3-30 5:32:34 -0000918 -0000455 -0000268 -0000531 -0000199 -0001201 +0000069 +0000184 -0002025 -0000194 +0092597 -0002561 -0071729 -0071063
2019-3-30 6:03:47 -0000918 -0000455 -0000269 -0000532 -0000199 -0001201 +0000068 +0000180 -0002025 -0000193 +0092598 -0002560 -0071730 -0071072
2019-3-30 6:35:00 -0000918 -0000455 -0000268 -0000532 -0000198 -0001201 +0000070 +0000182 -0002026 -0000193 +0092596 -0002559 -0071728 -0071077
2019-3-30 7:06:13 -0000920 -0000456 -0000271 -0000533 -0000198 -0001203 +0000070 +0000182 -0002029 -0000192 +0092626 -0002560 -0071731 -0071082
2019-3-30 7:37:26 -0000918 -0000456 -0000270 -0000532 -0000200 -0001203 +0000070 +0000180 -0002026 -0000193 +0092634 -0002559 -0071729 -0071082
2019-3-30 8:08:39 -0000918 -0000455 -0000271 -0000532 -0000198 -0001201 +0000068 +0000180 -0002028 -0000195 +0092649 -0002559 -0071728 -0071086
2019-3-30 8:39:51 -0000918 -0000455 -0000271 -0000532 -0000199 -0001203 +0000068 +0000181 -0002028 -0000192 +0092636 -0002558 -0071730 -0071084
2019-3-30 9:11:04 -0000920 -0000456 -0000272 -0000532 -0000199 -0001203 +0000069 +0000180 -0002027 -0000193 +0092646 -0002559 -0071728 -0071084
2019-3-30 9:42:17 -0000919 -0000455 -0000271 -0000532 -0000199 -0001202 +0000069 +0000179 -0002026 -0000193 +0092691 -0002558 -0071729 -0071083
2019-3-30 10:13:30 -0000918 -0000455 -0000271 -0000531 -0000199 -0001201 +0000070 +0000181 -0002026 -0000193 +0092699 -0002557 -0071728 -0071084
2019-3-30 10:44:43 -0000919 -0000456 -0000272 -0000533 -0000201 -0001202 +0000067 +0000180 -0002028 -0000193 +0092697 -0002558 -0071728 -0071086
2019-3-30 11:15:56 -0000919 -0000456 -0000272 -0000534 -0000199 -0001203 +0000068 +0000177 -0002028 -0000194 +0092715 -0002559 -0071730 -0071086
2019-3-30 11:47:09 -0000922 -0000457 -0000275 -0000534 -0000201 -0001206 +0000068 +0000176 -0002030 -0000195 +0092737 -0002561 -0071731 -0071090
2019-3-30 12:18:22 -0000919 -0000454 -0000271 -0000532 -0000199 -0001202 +0000069 +0000178 -0002026 -0000192 +0092740 -0002558 -0071726 -0071088
2019-3-30 12:49:35 -0000919 -0000455 -0000273 -0000530 -0000200 -0001202 +0000069 +0000179 -0002029 -0000193 +0092744 -0002557 -0071729 -0071084
2019-3-30 13:20:47 -0000918 -0000452 -0000271 -0000532 -0000196 -0001200 +0000070 +0000184 -0002026 -0000189 +0092767 -0002555 -0071726 -0071082
2019-3-30 14:23:13 -0000917 -0000453 -0000272 -0000529 -0000198 -0001200 +0000070 +0000181 -0002026 -0000190 +0092779 -0002554 -0071727 -0071082
2019-3-30 14:54:26 -0000917 -0000452 -0000270 -0000530 -0000196 -0001200 +0000072 +0000179 -0002026 -0000192 +0092789 -0002555 -0071727 -0071082
2019-3-30 15:25:39 -0000916 -0000453 -0000267 -0000529 -0000197 -0001200 +0000073 +0000180 -0002024 -0000190 +0092782 -0002556 -0071727 -0071083
2019-3-30 15:56:52 -0000916 -0000451 -0000267 -0000529 -0000196 -0001198 +0000073 +0000182 -0002024 -0000191 +0092793 -0002552 -0071724 -0071084
2019-3-30 16:28:05 -0000915 -0000452 -0000269 -0000530 -0000196 -0001198 +0000072 +0000181 -0002025 -0000192 +0092807 -0002554 -0071727 -0071083
2019-3-30 16:59:18 -0000916 -0000450 -0000269 -0000531 -0000197 -0001197 +0000070 +0000181 -0002025 -0000190 +0092805 -0002555 -0071726 -0071084
2019-3-30 17:30:37 -0000937 -0000463 -0000277 -0000533 -0000198 -0001197 +0000069 +0000181 -0002025 -0000191 +0092773 -0002553 -0071576 -0070835
2019-3-30 18:01:43 -0000919 -0000454 -0000269 -0000529 -0000196 -0001198 +0000070 +0000179 -0002026 -0000191 +0092799 -0002555 -0071722 -0071051
2019-3-30 18:32:56 -0000918 -0000452 -0000270 -0000529 -0000198 -0001199 +0000072 +0000180 -0002024 -0000192 +0092817 -0002555 -0071725 -0071064
2019-3-30 19:04:09 -0000919 -0000455 -0000271 -0000533 -0000198 -0001199 +0000070 +0000177 -0002026 -0000192 +0092857 -0002556 -0071727 -0071072
2019-3-30 19:35:22 -0000917 -0000450 -0000270 -0000530 -0000195 -0001198 +0000071 +0000181 -0002023 -0000191 +0092886 -0002553 -0071723 -0071073
2019-3-30 20:06:35 -0000919 -0000451 -0000271 -0000530 -0000195 -0001199 +0000072 +0000178 -0002026 -0000189 +0092882 -0002554 -0071726 -0071080
2019-3-30 20:37:47 -0000917 -0000450 -0000271 -0000528 -0000195 -0001197 +0000071 +0000181 -0002025 -0000190 +0092919 -0002551 -0071723 -0071078
2019-3-30 21:09:00 -0000918 -0000451 -0000270 -0000530 -0000198 -0001198 +0000071 +0000180 -0002024 -0000188 +0092932 -0002554 -0071724 -0071078
2019-3-30 21:40:13 -0000917 -0000450 -0000269 -0000529 -0000194 -0001198 +0000072 +0000179 -0002025 -0000190 +0092933 -0002551 -0071722 -0071078
2019-3-30 22:11:26 -0000917 -0000449 -0000270 -0000529 -0000197 -0001198 +0000071 +0000179 -0002024 -0000190 +0092965 -0002553 -0071724 -0071081
2019-3-30 22:42:39 -0000918 -0000449 -0000272 -0000530 -0000197 -0001197 +0000073 +0000178 -0002024 -0000190 +0092961 -0002553 -0071725 -0071080
2019-3-30 23:13:52 -0000918 -0000449 -0000272 -0000532 -0000198 -0001198 +0000071 +0000179 -0002026 -0000190 +0092967 -0002552 -0071724 -0071084
2019-3-30 23:45:05 -0000918 -0000450 -0000271 -0000530 -0000195 -0001197 +0000070 +0000176 -0002023 -0000190 +0092971 -0002550 -0071722 -0071078
2019-3-31 0:16:18 -0000917 -0000448 -0000271 -0000528 -0000195 -0001196 +0000072 +0000179 -0002024 -0000189 +0092977 -0002550 -0071723 -0071080
2019-3-31 0:47:31 -0000919 -0000451 -0000273 -0000530 -0000196 -0001198 +0000070 +0000175 -0002026 -0000191 +0093028 -0002551 -0071722 -0071080
2019-3-31 1:18:44 -0000918 -0000449 -0000273 -0000531 -0000195 -0001199 +0000072 +0000177 -0002027 -0000190 +0093043 -0002552 -0071724 -0071080
2019-3-31 1:49:56 -0000917 -0000450 -0000274 -0000530 -0000196 -0001199 +0000070 +0000176 -0002027 -0000188 +0093060 -0002550 -0071726 -0071083
2019-3-31 2:21:09 -0000917 -0000449 -0000273 -0000529 -0000195 -0001201 +0000070 +0000176 -0002027 -0000190 +0093055 -0002551 -0071723 -0071082
2019-3-31 2:52:22 -0000919 -0000449 -0000274 -0000530 -0000197 -0001200 +0000071 +0000174 -0002028 -0000190 +0093082 -0002555 -0071722 -0071082
2019-3-31 3:23:35 -0000915 -0000446 -0000271 -0000527 -0000194 -0001197 +0000074 +0000177 -0002023 -0000184 +0093109 -0002548 -0071720 -0071075
2019-3-31 3:54:48 -0000917 -0000447 -0000272 -0000529 -0000195 -0001198 +0000072 +0000178 -0002025 -0000185 +0093113 -0002549 -0071721 -0071077
2019-3-31 4:26:01 -0000916 -0000446 -0000272 -0000529 -0000195 -0001199 +0000073 +0000178 -0002026 -0000186 +0093110 -0002548 -0071721 -0071079
2019-3-31 4:57:13 -0000919 -0000448 -0000274 -0000530 -0000198 -0001199 +0000073 +0000174 -0002026 -0000186 +0093122 -0002551 -0071722 -0071081
2019-3-31 5:28:26 -0000916 -0000446 -0000272 -0000529 -0000195 -0001198 +0000074 +0000175 -0002024 -0000186 +0093120 -0002549 -0071718 -0071078
2019-3-31 5:59:39 -0000919 -0000446 -0000270 -0000527 -0000194 -0001197 +0000073 +0000177 -0002026 -0000186 +0093127 -0002549 -0071723 -0071080
2019-3-31 6:30:52 -0000923 -0000447 -0000274 -0000529 -0000194 -0001198 +0000073 +0000174 -0002026 -0000187 +0093120 -0002548 -0071693 -0071024
2019-3-31 7:02:05 -0000919 -0000447 -0000274 -0000530 -0000195 -0001197 +0000073 +0000175 -0002025 -0000187 +0093139 -0002547 -0071717 -0071050
2019-3-31 7:33:18 -0000920 -0000443 -0000273 -0000529 -0000195 -0001197 +0000073 +0000177 -0002022 -0000186 +0093153 -0002547 -0071717 -0071059
2019-3-31 8:04:31 -0000919 -0000445 -0000273 -0000529 -0000194 -0001197 +0000072 +0000177 -0002024 -0000186 +0093142 -0002548 -0071718 -0071064
2019-3-31 8:35:43 -0000918 -0000443 -0000272 -0000529 -0000194 -0001197 +0000073 +0000174 -0002024 -0000184 +0093158 -0002546 -0071717 -0071066
2019-3-31 9:06:56 -0000919 -0000443 -0000274 -0000530 -0000194 -0001198 +0000071 +0000174 -0002027 -0000186 +0093186 -0002548 -0071718 -0071072
2019-3-31 9:38:10 -0000920 -0000443 -0000274 -0000529 -0000194 -0001198 +0000071 +0000174 -0002025 -0000185 +0093195 -0002546 -0071717 -0071074
2019-3-31 10:09:22 -0000920 -0000444 -0000274 -0000530 -0000194 -0001200 +0000073 +0000172 -0002025 -0000186 +0093214 -0002544 -0071719 -0071074
2019-3-31 10:40:35 -0000920 -0000445 -0000276 -0000531 -0000196 -0001199 +0000071 +0000172 -0002026 -0000186 +0093222 -0002548 -0071719 -0071075
2019-3-31 11:11:48 -0000919 -0000442 -0000274 -0000529 -0000193 -0001198 +0000073 +0000173 -0002025 -0000182 +0093232 -0002547 -0071716 -0071074
2019-3-31 11:43:01 -0000919 -0000443 -0000273 -0000526 -0000193 -0001196 +0000073 +0000174 -0002022 -0000183 +0093235 -0002545 -0071715 -0071073
2019-3-31 12:14:14 -0000917 -0000441 -0000274 -0000527 -0000193 -0001196 +0000075 +0000173 -0002024 -0000183 +0093261 -0002545 -0071718 -0071074
2019-3-31 12:45:27 -0000922 -0000445 -0000277 -0000531 -0000197 -0001198 +0000070 +0000171 -0002027 -0000186 +0093245 -0002548 -0071718 -0071075
2019-3-31 13:16:39 -0000919 -0000442 -0000273 -0000529 -0000193 -0001196 +0000073 +0000173 -0002024 -0000185 +0093280 -0002544 -0071715 -0071074
2019-3-31 13:47:52 -0000919 -0000442 -0000273 -0000528 -0000192 -0001197 +0000075 +0000174 -0002025 -0000182 +0093287 -0002543 -0071713 -0071072
2019-3-31 14:19:05 -0000921 -0000443 -0000277 -0000529 -0000195 -0001198 +0000075 +0000171 -0002026 -0000183 +0093301 -0002545 -0071718 -0071074
2019-3-31 14:50:18 -0000919 -0000443 -0000275 -0000529 -0000193 -0001197 +0000073 +0000173 -0002026 -0000182 +0093325 -0002545 -0071716 -0071073
2019-3-31 15:21:31 -0000920 -0000445 -0000274 -0000529 -0000195 -0001198 +0000073 +0000171 -0002025 -0000185 +0093311 -0002546 -0071718 -0071075
2019-3-31 15:52:44 -0000917 -0000444 -0000276 -0000528 -0000193 -0001196 +0000073 +0000171 -0002024 -0000184 +0093317 -0002543 -0071715 -0071076
2019-3-31 16:23:57 -0000918 -0000440 -0000273 -0000528 -0000192 -0001195 +0000075 +0000173 -0002023 -0000181 +0093322 -0002545 -0071714 -0071074
2019-3-31 16:55:10 -0000920 -0000444 -0000276 -0000530 -0000193 -0001197 +0000075 +0000172 -0002026 -0000183 +0093363 -0002545 -0071716 -0071075
2019-3-31 17:26:22 -0000918 -0000442 -0000272 -0000526 -0000191 -0001195 +0000076 +0000173 -0002023 -0000182 +0093373 -0002542 -0071714 -0071073
2019-3-31 17:57:35 -0000917 -0000441 -0000275 -0000527 -0000193 -0001193 +0000076 +0000172 -0002025 -0000181 +0093380 -0002543 -0071713 -0071071
2019-3-31 18:28:48 -0000916 -0000438 -0000273 -0000527 -0000192 -0001195 +0000075 +0000174 -0002022 -0000181 +0093387 -0002543 -0071711 -0071072
2019-3-31 19:00:01 -0000918 -0000440 -0000274 -0000528 -0000192 -0001193 +0000075 +0000172 -0002024 -0000181 +0093396 -0002542 -0071714 -0071072
2019-3-31 19:31:14 -0000919 -0000439 -0000275 -0000527 -0000193 -0001194 +0000075 +0000172 -0002024 -0000181 +0093442 -0002543 -0071705 -0071030
2019-3-31 20:02:27 -0000920 -0000438 -0000274 -0000525 -0000191 -0001196 +0000076 +0000171 -0002022 -0000181 +0093454 -0002540 -0071711 -0071051
2019-3-31 20:33:40 -0000917 -0000441 -0000273 -0000526 -0000192 -0001195 +0000078 +0000173 -0002023 -0000180 +0093449 -0002541 -0071710 -0071055
2019-3-31 21:04:52 -0000920 -0000437 -0000276 -0000528 -0000192 -0001195 +0000074 +0000171 -0002024 -0000179 +0093445 -0002541 -0071712 -0071064
2019-3-31 21:36:05 -0000920 -0000440 -0000277 -0000528 -0000193 -0001196 +0000075 +0000168 -0002024 -0000184 +0093464 -0002543 -0071713 -0071067
2019-3-31 22:07:18 -0000920 -0000438 -0000276 -0000527 -0000192 -0001194 +0000076 +0000171 -0002023 -0000181 +0093470 -0002541 -0071712 -0071066
2019-3-31 22:38:31 -0000919 -0000438 -0000276 -0000526 -0000191 -0001196 +0000075 +0000171 -0002025 -0000181 +0093470 -0002541 -0071712 -0071068
2019-3-31 23:09:44 -0000920 -0000438 -0000276 -0000528 -0000192 -0001194 +0000075 +0000170 -0002024 -0000181 +0093476 -0002541 -0071713 -0071071
2019-3-31 23:40:57 -0000920 -0000436 -0000278 -0000528 -0000192 -0001196 +0000076 +0000169 -0002024 -0000180 +0093486 -0002541 -0071714 -0071069
2019-4-1 0:12:10 -0000920 -0000438 -0000278 -0000530 -0000192 -0001196 +0000075 +0000169 -0002025 -0000180 +0093481 -0002541 -0071713 -0071070
2019-4-1 0:43:22 -0000918 -0000435 -0000275 -0000528 -0000192 -0001194 +0000076 +0000172 -0002024 -0000179 +0093518 -0002539 -0071713 -0071070
2019-4-1 1:14:35 -0000918 -0000437 -0000276 -0000526 -0000191 -0001193 +0000077 +0000170 -0002024 -0000179 +0093553 -0002538 -0071709 -0071070
2019-4-1 1:45:48 -0000918 -0000435 -0000275 -0000525 -0000190 -0001193 +0000077 +0000172 -0002022 -0000179 +0093566 -0002539 -0071708 -0071067
2019-4-1 2:17:01 -0000918 -0000436 -0000276 -0000525 -0000191 -0001193 +0000077 +0000169 -0002024 -0000177 +0093559 -0002538 -0071711 -0071070
2019-4-1 2:48:14 -0000919 -0000436 -0000276 -0000527 -0000192 -0001195 +0000076 +0000167 -0002026 -0000180 +0093557 -0002538 -0071710 -0071068
2019-4-1 3:19:27 -0000920 -0000436 -0000275 -0000527 -0000190 -0001193 +0000076 +0000169 -0002024 -0000179 +0093559 -0002538 -0071710 -0071067
2019-4-1 3:50:40 -0000917 -0000434 -0000274 -0000526 -0000188 -0001194 +0000077 +0000170 -0002022 -0000178 +0093565 -0002536 -0071708 -0071068
2019-4-1 4:21:53 -0000919 -0000435 -0000275 -0000526 -0000189 -0001195 +0000077 +0000169 -0002023 -0000178 +0093564 -0002538 -0071707 -0071070
2019-4-1 4:53:06 -0000917 -0000435 -0000276 -0000525 -0000190 -0001193 +0000077 +0000169 -0002021 -0000178 +0093557 -0002537 -0071709 -0071070
2019-4-1 5:24:18 -0000920 -0000436 -0000278 -0000527 -0000191 -0001195 +0000077 +0000168 -0002026 -0000176 +0093595 -0002538 -0071711 -0071069
2019-4-1 5:55:31 -0000921 -0000435 -0000276 -0000526 -0000191 -0001194 +0000077 +0000168 -0002024 -0000178 +0093587 -0002536 -0071707 -0071065
2019-4-1 6:26:44 -0000920 -0000435 -0000278 -0000528 -0000190 -0001194 +0000077 +0000168 -0002024 -0000178 +0093574 -0002537 -0071708 -0071069
2019-4-1 6:57:57 -0000916 -0000433 -0000274 -0000524 -0000189 -0001193 +0000080 +0000169 -0002024 -0000176 +0093573 -0002535 -0071705 -0071063
2019-4-1 7:29:10 -0000917 -0000433 -0000273 -0000526 -0000187 -0001191 +0000078 +0000169 -0002023 -0000174 +0093573 -0002535 -0071705 -0071067
2019-4-1 8:00:27 -0000938 -0000443 -0000282 -0000527 -0000189 -0001190 +0000078 +0000169 -0002023 -0000176 +0093595 -0002532 -0071557 -0070816
2019-4-1 8:31:35 -0000921 -0000434 -0000278 -0000525 -0000190 -0001195 +0000077 +0000166 -0002023 -0000177 +0093608 -0002535 -0071703 -0071034
2019-4-1 9:02:48 -0000920 -0000431 -0000278 -0000525 -0000187 -0001193 +0000078 +0000167 -0002022 -0000175 +0093614 -0002535 -0071706 -0071049
2019-4-1 9:34:01 -0000921 -0000433 -0000276 -0000526 -0000188 -0001194 +0000077 +0000168 -0002024 -0000178 +0093620 -0002534 -0071707 -0071055
2019-4-1 10:05:14 -0000921 -0000432 -0000278 -0000527 -0000188 -0001194 +0000077 +0000167 -0002023 -0000176 +0093643 -0002536 -0071707 -0071058
2019-4-1 10:36:27 -0000919 -0000429 -0000274 -0000524 -0000187 -0001192 +0000080 +0000169 -0002021 -0000174 +0093639 -0002532 -0071702 -0071057
2019-4-1 11:07:40 -0000919 -0000431 -0000278 -0000525 -0000189 -0001191 +0000080 +0000166 -0002022 -0000176 +0093652 -0002534 -0071704 -0071062
2019-4-1 11:38:53 -0000920 -0000431 -0000278 -0000526 -0000189 -0001191 +0000078 +0000167 -0002024 -0000174 +0093675 -0002534 -0071707 -0071062
2019-4-1 12:10:06 -0000919 -0000430 -0000277 -0000525 -0000187 -0001192 +0000078 +0000166 -0002023 -0000174 +0093679 -0002532 -0071705 -0071062
2019-4-1 12:41:18 -0000919 -0000431 -0000278 -0000524 -0000190 -0001193 +0000078 +0000168 -0002024 -0000173 +0093669 -0002533 -0071703 -0071061
2019-4-1 13:12:31 -0000920 -0000431 -0000278 -0000525 -0000190 -0001193 +0000078 +0000165 -0002025 -0000175 +0093647 -0002533 -0071707 -0071064
2019-4-1 13:43:44 -0000920 -0000429 -0000277 -0000526 -0000189 -0001193 +0000077 +0000165 -0002023 -0000175 +0093670 -0002532 -0071707 -0071064
2019-4-1 14:14:57 -0000919 -0000429 -0000276 -0000526 -0000189 -0001192 +0000078 +0000165 -0002022 -0000174 +0093687 -0002533 -0071703 -0071063
2019-4-1 14:46:10 -0000920 -0000431 -0000279 -0000526 -0000189 -0001193 +0000077 +0000167 -0002024 -0000176 +0093695 -0002532 -0071704 -0071064
2019-4-1 15:17:23 -0000919 -0000430 -0000277 -0000524 -0000187 -0001190 +0000079 +0000167 -0002023 -0000176 +0093702 -0002531 -0071705 -0071063
2019-4-1 15:48:36 -0000918 -0000429 -0000278 -0000523 -0000187 -0001191 +0000079 +0000166 -0002023 -0000173 +0093724 -0002531 -0071704 -0071064
2019-4-1 16:19:49 -0000918 -0000428 -0000276 -0000524 -0000188 -0001191 +0000080 +0000165 -0002023 -0000172 +0093721 -0002531 -0071703 -0071063
2019-4-1 16:51:01 -0000919 -0000429 -0000276 -0000525 -0000188 -0001189 +0000080 +0000166 -0002021 -0000175 +0093737 -0002532 -0071704 -0071063
2019-4-1 17:22:15 -0000916 -0000427 -0000274 -0000523 -0000186 -0001189 +0000081 +0000169 -0002020 -0000171 +0093737 -0002529 -0071703 -0071062
2019-4-1 17:53:27 -0000919 -0000430 -0000277 -0000522 -0000188 -0001191 +0000080 +0000166 -0002023 -0000173 +0093743 -0002530 -0071704 -0071063
2019-4-1 18:24:40 -0000917 -0000427 -0000276 -0000522 -0000185 -0001188 +0000082 +0000168 -0002020 -0000174 +0093762 -0002530 -0071703 -0071063
2019-4-1 18:55:53 -0000918 -0000426 -0000276 -0000523 -0000187 -0001188 +0000081 +0000166 -0002020 -0000174 +0093768 -0002531 -0071701 -0071061
2019-4-1 19:27:06 -0000919 -0000429 -0000279 -0000526 -0000187 -0001190 +0000082 +0000165 -0002023 -0000172 +0093780 -0002530 -0071705 -0071066
2019-4-1 19:58:19 -0000917 -0000425 -0000275 -0000523 -0000186 -0001187 +0000082 +0000167 -0002021 -0000171 +0093786 -0002529 -0071703 -0071061
2019-4-1 20:29:32 -0000917 -0000425 -0000275 -0000522 -0000185 -0001189 +0000082 +0000167 -0002020 -0000173 +0093793 -0002529 -0071701 -0071062
2019-4-1 21:00:44 -0000918 -0000425 -0000277 -0000521 -0000184 -0001187 +0000082 +0000167 -0002020 -0000171 +0093798 -0002528 -0071675 -0071005
2019-4-1 21:31:57 -0000917 -0000426 -0000275 -0000524 -0000186 -0001188 +0000083 +0000169 -0002020 -0000172 +0093790 -0002529 -0071701 -0071033
2019-4-1 22:03:10 -0000920 -0000425 -0000276 -0000523 -0000186 -0001191 +0000081 +0000165 -0002021 -0000172 +0093807 -0002528 -0071703 -0071046
2019-4-1 22:34:23 -0000920 -0000427 -0000278 -0000523 -0000186 -0001189 +0000081 +0000164 -0002024 -0000172 +0093809 -0002531 -0071702 -0071052
2019-4-1 23:05:36 -0000919 -0000426 -0000278 -0000522 -0000185 -0001191 +0000082 +0000165 -0002021 -0000172 +0093803 -0002528 -0071700 -0071053
2019-4-1 23:36:49 -0000919 -0000425 -0000277 -0000521 -0000186 -0001189 +0000082 +0000165 -0002021 -0000172 +0093800 -0002528 -0071700 -0071056
2019-4-2 0:08:02 -0000919 -0000424 -0000278 -0000523 -0000185 -0001189 +0000081 +0000164 -0002020 -0000172 +0093821 -0002527 -0071700 -0071056
2019-4-2 0:39:14 -0000920 -0000424 -0000278 -0000525 -0000187 -0001188 +0000082 +0000165 -0002020 -0000171 +0093818 -0002527 -0071702 -0071060
2019-4-2 1:10:27 -0000920 -0000426 -0000280 -0000523 -0000188 -0001191 +0000080 +0000164 -0002023 -0000172 +0093838 -0002529 -0071703 -0071061
2019-4-2 1:41:40 -0000919 -0000424 -0000278 -0000525 -0000185 -0001188 +0000083 +0000165 -0002022 -0000170 +0093858 -0002528 -0071702 -0071060
2019-4-2 2:12:53 -0000920 -0000426 -0000277 -0000523 -0000184 -0001190 +0000083 +0000165 -0002020 -0000172 +0093829 -0002527 -0071699 -0071059
2019-4-2 2:44:06 -0000920 -0000424 -0000279 -0000524 -0000185 -0001189 +0000082 +0000164 -0002022 -0000169 +0093827 -0002527 -0071701 -0071061
2019-4-2 3:15:19 -0000917 -0000422 -0000275 -0000523 -0000183 -0001187 +0000086 +0000166 -0002020 -0000170 +0093852 -0002525 -0071698 -0071057
2019-4-2 3:46:32 -0000918 -0000422 -0000275 -0000522 -0000186 -0001188 +0000084 +0000163 -0002021 -0000169 +0093855 -0002527 -0071699 -0071059
2019-4-2 4:17:45 -0000918 -0000422 -0000277 -0000521 -0000185 -0001187 +0000084 +0000165 -0002019 -0000171 +0093866 -0002525 -0071700 -0071061
2019-4-2 4:48:58 -0000920 -0000424 -0000277 -0000523 -0000184 -0001187 +0000083 +0000165 -0002021 -0000171 +0093892 -0002527 -0071700 -0071060
2019-4-2 5:20:10 -0000917 -0000422 -0000276 -0000523 -0000184 -0001187 +0000085 +0000164 -0002020 -0000170 +0093891 -0002527 -0071697 -0071057
2019-4-2 5:51:23 -0000917 -0000422 -0000277 -0000522 -0000184 -0001187 +0000085 +0000165 -0002020 -0000171 +0093896 -0002525 -0071698 -0071058
2019-4-2 6:22:36 -0000917 -0000420 -0000276 -0000521 -0000183 -0001185 +0000086 +0000166 -0002018 -0000169 +0093907 -0002525 -0071695 -0071058
2019-4-2 6:53:49 -0000917 -0000420 -0000277 -0000522 -0000185 -0001186 +0000085 +0000166 -0002022 -0000169 +0093933 -0002524 -0071698 -0071059
2019-4-2 7:25:02 -0000917 -0000418 -0000275 -0000521 -0000183 -0001186 +0000087 +0000165 -0002018 -0000168 +0093920 -0002523 -0071697 -0071058
2019-4-2 7:56:15 -0000916 -0000419 -0000275 -0000520 -0000182 -0001185 +0000086 +0000164 -0002018 -0000169 +0093942 -0002524 -0071697 -0071057
2019-4-2 8:27:28 -0000914 -0000416 -0000275 -0000521 -0000181 -0001184 +0000087 +0000166 -0002018 -0000166 +0093959 -0002520 -0071694 -0071056
2019-4-2 8:58:40 -0000915 -0000420 -0000278 -0000520 -0000182 -0001185 +0000087 +0000166 -0002017 -0000167 +0093954 -0002523 -0071697 -0071057
2019-4-2 9:29:53 -0000915 -0000418 -0000276 -0000520 -0000183 -0001186 +0000084 +0000163 -0002017 -0000167 +0093982 -0002522 -0071696 -0071056
2019-4-2 10:01:06 -0000917 -0000418 -0000278 -0000520 -0000180 -0001186 +0000086 +0000164 -0002018 -0000167 +0093966 -0002522 -0071690 -0071016
2019-4-2 10:32:19 -0000916 -0000417 -0000275 -0000520 -0000181 -0001183 +0000087 +0000165 -0002019 -0000166 +0093961 -0002520 -0071691 -0071028
2019-4-2 11:03:32 -0000916 -0000417 -0000277 -0000519 -0000181 -0001186 +0000087 +0000162 -0002017 -0000167 +0093968 -0002522 -0071693 -0071041
2019-4-2 11:34:45 -0000916 -0000416 -0000276 -0000521 -0000181 -0001186 +0000087 +0000164 -0002018 -0000166 +0093984 -0002521 -0071694 -0071046
2019-4-2 12:05:58 -0000918 -0000419 -0000280 -0000522 -0000183 -0001186 +0000085 +0000161 -0002019 -0000168 +0094012 -0002522 -0071695 -0071049
2019-4-2 12:37:11 -0000917 -0000417 -0000276 -0000521 -0000182 -0001185 +0000087 +0000163 -0002018 -0000166 +0094025 -0002520 -0071694 -0071052
2019-4-2 13:08:23 -0000917 -0000416 -0000276 -0000520 -0000181 -0001184 +0000089 +0000164 -0002017 -0000165 +0094040 -0002519 -0071693 -0071050
2019-4-2 13:39:36 -0000916 -0000416 -0000277 -0000520 -0000180 -0001185 +0000088 +0000165 -0002018 -0000165 +0094050 -0002522 -0071694 -0071051
2019-4-2 14:10:49 -0000916 -0000417 -0000276 -0000520 -0000182 -0001184 +0000089 +0000163 -0002017 -0000166 +0094045 -0002520 -0071693 -0071053
2019-4-2 14:42:02 -0000918 -0000417 -0000278 -0000521 -0000184 -0001184 +0000086 +0000162 -0002021 -0000168 +0094049 -0002521 -0071697 -0071055
2019-4-2 15:13:15 -0000915 -0000415 -0000275 -0000521 -0000182 -0001183 +0000088 +0000162 -0002019 -0000164 +0094053 -0002520 -0071693 -0071052
2019-4-2 15:44:28 -0000913 -0000415 -0000274 -0000519 -0000178 -0001180 +0000090 +0000167 -0002017 -0000163 +0094042 -0002518 -0071692 -0071049
2019-4-2 16:15:41 -0000915 -0000417 -0000275 -0000521 -0000182 -0001182 +0000087 +0000162 -0002016 -0000167 +0094041 -0002522 -0071695 -0071055
2019-4-2 16:46:54 -0000914 -0000416 -0000273 -0000519 -0000179 -0001181 +0000091 +0000167 -0002016 -0000165 +0094051 -0002517 -0071692 -0071055
2019-4-2 17:18:06 -0000914 -0000415 -0000276 -0000518 -0000180 -0001182 +0000090 +0000166 -0002017 -0000164 +0094034 -0002517 -0071694 -0071056
2019-4-2 17:49:19 -0000915 -0000415 -0000274 -0000518 -0000179 -0001182 +0000088 +0000165 -0002015 -0000163 +0094017 -0002518 -0071694 -0071052
2019-4-2 18:20:32 -0000913 -0000416 -0000273 -0000519 -0000178 -0001180 +0000090 +0000165 -0002015 -0000164 +0094043 -0002519 -0071694 -0071056
2019-4-2 18:51:45 -0000917 -0000418 -0000277 -0000519 -0000182 -0001183 +0000089 +0000163 -0002016 -0000167 +0094047 -0002520 -0071697 -0071055
2019-4-2 19:22:58 -0000914 -0000414 -0000275 -0000518 -0000180 -0001179 +0000091 +0000165 -0002014 -0000164 +0094052 -0002516 -0071691 -0071052
2019-4-2 19:54:11 -0000913 -0000413 -0000274 -0000516 -0000177 -0001179 +0000092 +0000165 -0002014 -0000161 +0094060 -0002517 -0071691 -0071052
2019-4-2 20:25:24 -0000914 -0000415 -0000274 -0000517 -0000179 -0001182 +0000090 +0000163 -0002016 -0000165 +0094069 -0002517 -0071692 -0071055
2019-4-2 20:56:36 -0000913 -0000413 -0000274 -0000519 -0000180 -0001182 +0000092 +0000165 -0002016 -0000166 +0094094 -0002515 -0071691 -0071052
2019-4-2 21:27:49 -0000915 -0000412 -0000275 -0000518 -0000179 -0001181 +0000091 +0000164 -0002014 -0000162 +0094087 -0002516 -0071689 -0071052
2019-4-2 21:59:02 -0000913 -0000412 -0000273 -0000517 -0000178 -0001180 +0000092 +0000163 -0002015 -0000162 +0094087 -0002516 -0071690 -0071052
2019-4-2 22:30:17 -0000936 -0000426 -0000285 -0000522 -0000181 -0001182 +0000088 +0000162 -0002018 -0000164 +0094101 -0002517 -0071543 -0070803
2019-4-2 23:01:28 -0000913 -0000408 -0000272 -0000516 -0000178 -0001178 +0000094 +0000165 -0002012 -0000160 +0094107 -0002513 -0071685 -0071016
2019-4-2 23:32:41 -0000915 -0000412 -0000273 -0000517 -0000177 -0001180 +0000090 +0000162 -0002016 -0000162 +0094134 -0002514 -0071690 -0071033
2019-4-3 0:03:54 -0000915 -0000412 -0000276 -0000519 -0000179 -0001181 +0000092 +0000164 -0002015 -0000162 +0094117 -0002514 -0071689 -0071040
2019-4-3 0:35:07 -0000913 -0000410 -0000275 -0000517 -0000178 -0001179 +0000091 +0000163 -0002014 -0000160 +0094136 -0002513 -0071689 -0071041
2019-4-3 1:06:19 -0000915 -0000410 -0000276 -0000518 -0000177 -0001182 +0000089 +0000163 -0002017 -0000163 +0094144 -0002515 -0071690 -0071047
2019-4-3 1:37:32 -0000915 -0000411 -0000275 -0000518 -0000178 -0001181 +0000091 +0000163 -0002015 -0000163 +0094124 -0002513 -0071688 -0071049
2019-4-3 2:08:45 -0000913 -0000410 -0000275 -0000518 -0000176 -0001181 +0000092 +0000164 -0002015 -0000160 +0094144 -0002513 -0071690 -0071050
2019-4-3 2:39:58 -0000914 -0000410 -0000274 -0000516 -0000176 -0001177 +0000092 +0000164 -0002014 -0000160 +0094167 -0002512 -0071689 -0071049
2019-4-3 3:11:11 -0000913 -0000409 -0000274 -0000519 -0000178 -0001181 +0000092 +0000162 -0002015 -0000162 +0094165 -0002514 -0071689 -0071052
2019-4-3 3:42:24 -0000912 -0000409 -0000274 -0000517 -0000176 -0001177 +0000094 +0000163 -0002014 -0000160 +0094175 -0002510 -0071685 -0071048
2019-4-3 4:13:37 -0000911 -0000408 -0000273 -0000516 -0000175 -0001178 +0000093 +0000165 -0002012 -0000160 +0094186 -0002511 -0071687 -0071050
2019-4-3 4:44:49 -0000913 -0000408 -0000275 -0000515 -0000178 -0001179 +0000093 +0000163 -0002015 -0000161 +0094228 -0002511 -0071688 -0071047
2019-4-3 5:16:02 -0000910 -0000407 -0000273 -0000513 -0000175 -0001177 +0000094 +0000163 -0002012 -0000158 +0094232 -0002511 -0071687 -0071049
2019-4-3 5:47:15 -0000913 -0000406 -0000273 -0000514 -0000175 -0001176 +0000094 +0000164 -0002012 -0000160 +0094234 -0002510 -0071687 -0071050
2019-4-3 6:18:28 -0000914 -0000406 -0000274 -0000516 -0000176 -0001177 +0000093 +0000164 -0002014 -0000160 +0094249 -0002510 -0071688 -0071049
2019-4-3 6:49:41 -0000913 -0000406 -0000275 -0000517 -0000175 -0001179 +0000095 +0000162 -0002014 -0000159 +0094257 -0002512 -0071686 -0071048
2019-4-3 7:20:54 -0000913 -0000405 -0000272 -0000515 -0000174 -0001177 +0000095 +0000166 -0002012 -0000158 +0094276 -0002510 -0071683 -0071047
2019-4-3 7:52:07 -0000912 -0000408 -0000274 -0000516 -0000175 -0001177 +0000094 +0000161 -0002013 -0000160 +0094285 -0002511 -0071686 -0071049
2019-4-3 8:23:20 -0000913 -0000406 -0000274 -0000516 -0000178 -0001178 +0000094 +0000161 -0002012 -0000158 +0094295 -0002511 -0071688 -0071047
2019-4-3 8:54:32 -0000911 -0000403 -0000273 -0000514 -0000176 -0001179 +0000096 +0000164 -0002013 -0000159 +0094290 -0002509 -0071686 -0071048
2019-4-3 9:25:46 -0000912 -0000403 -0000275 -0000514 -0000174 -0001177 +0000095 +0000164 -0002012 -0000157 +0094305 -0002510 -0071686 -0071046
2019-4-3 9:56:58 -0000915 -0000405 -0000278 -0000518 -0000177 -0001180 +0000092 +0000160 -0002015 -0000160 +0094307 -0002511 -0071689 -0071050
2019-4-3 10:28:11 -0000911 -0000403 -0000273 -0000516 -0000176 -0001178 +0000094 +0000161 -0002014 -0000158 +0094326 -0002508 -0071686 -0071047
2019-4-3 10:59:24 -0000914 -0000403 -0000275 -0000514 -0000174 -0001177 +0000095 +0000160 -0002014 -0000156 +0094340 -0002509 -0071685 -0071047
2019-4-3 11:30:37 -0000915 -0000406 -0000278 -0000516 -0000175 -0001177 +0000093 +0000160 -0002014 -0000159 +0094353 -0002508 -0071665 -0070998
2019-4-3 12:01:50 -0000915 -0000403 -0000276 -0000515 -0000176 -0001179 +0000095 +0000160 -0002014 -0000159 +0094349 -0002508 -0071682 -0071017
2019-4-3 12:33:03 -0000914 -0000401 -0000275 -0000512 -0000174 -0001177 +0000097 +0000162 -0002012 -0000155 +0094347 -0002508 -0071683 -0071027
2019-4-3 13:04:15 -0000915 -0000403 -0000276 -0000516 -0000175 -0001177 +0000096 +0000161 -0002013 -0000157 +0094351 -0002510 -0071685 -0071036
2019-4-3 13:35:28 -0000915 -0000404 -0000277 -0000515 -0000175 -0001179 +0000095 +0000160 -0002013 -0000159 +0094360 -0002509 -0071686 -0071041
2019-4-3 14:06:41 -0000913 -0000401 -0000273 -0000514 -0000173 -0001177 +0000098 +0000161 -0002011 -0000155 +0094374 -0002507 -0071683 -0071042
2019-4-3 14:37:54 -0000914 -0000402 -0000276 -0000515 -0000175 -0001176 +0000096 +0000161 -0002012 -0000158 +0094398 -0002510 -0071684 -0071042
2019-4-3 15:09:07 -0000913 -0000402 -0000274 -0000514 -0000174 -0001176 +0000096 +0000160 -0002013 -0000158 +0094421 -0002507 -0071684 -0071043
2019-4-3 15:40:20 -0000911 -0000400 -0000273 -0000514 -0000172 -0001175 +0000099 +0000163 -0002012 -0000155 +0094441 -0002506 -0071681 -0071043
2019-4-3 16:11:33 -0000911 -0000399 -0000273 -0000512 -0000172 -0001175 +0000098 +0000164 -0002012 -0000155 +0094438 -0002505 -0071683 -0071044
2019-4-3 16:42:46 -0000911 -0000399 -0000274 -0000514 -0000173 -0001174 +0000097 +0000163 -0002011 -0000155 +0094457 -0002506 -0071682 -0071044
2019-4-3 17:13:59 -0000911 -0000399 -0000273 -0000514 -0000173 -0001175 +0000099 +0000164 -0002010 -0000154 +0094456 -0002505 -0071686 -0071043
2019-4-3 17:45:11 -0000911 -0000401 -0000274 -0000515 -0000172 -0001174 +0000099 +0000161 -0002011 -0000154 +0094447 -0002505 -0071682 -0071044
2019-4-3 18:16:24 -0000912 -0000401 -0000273 -0000515 -0000174 -0001175 +0000098 +0000160 -0002011 -0000157 +0094479 -0002505 -0071684 -0071046
2019-4-3 18:47:37 -0000910 -0000398 -0000272 -0000512 -0000170 -0001171 +0000102 +0000165 -0002008 -0000154 +0094473 -0002502 -0071681 -0071041
2019-4-3 19:18:50 -0000911 -0000399 -0000272 -0000513 -0000172 -0001173 +0000100 +0000164 -0002009 -0000157 +0094488 -0002506 -0071682 -0071044
2019-4-3 19:50:03 -0000910 -0000400 -0000273 -0000514 -0000173 -0001175 +0000099 +0000163 -0002011 -0000154 +0094501 -0002503 -0071681 -0071041
2019-4-3 20:21:16 -0000907 -0000398 -0000269 -0000509 -0000169 -0001172 +0000100 +0000164 -0002007 -0000153 +0094520 -0002503 -0071681 -0071042
2019-4-3 20:52:28 -0000910 -0000396 -0000273 -0000513 -0000171 -0001173 +0000099 +0000163 -0002010 -0000155 +0094532 -0002504 -0071679 -0071042
2019-4-3 21:23:41 -0000909 -0000397 -0000272 -0000511 -0000168 -0001171 +0000100 +0000162 -0002008 -0000153 +0094523 -0002502 -0071680 -0071041
2019-4-3 21:54:54 -0000909 -0000398 -0000273 -0000513 -0000172 -0001175 +0000100 +0000162 -0002009 -0000154 +0094535 -0002503 -0071684 -0071046
2019-4-3 22:26:07 -0000910 -0000394 -0000273 -0000511 -0000169 -0001173 +0000100 +0000163 -0002010 -0000152 +0094541 -0002503 -0071682 -0071042
2019-4-3 22:57:20 -0000911 -0000396 -0000273 -0000512 -0000173 -0001172 +0000100 +0000161 -0002011 -0000155 +0094538 -0002504 -0071680 -0071043
2019-4-3 23:28:33 -0000909 -0000396 -0000274 -0000514 -0000171 -0001173 +0000099 +0000162 -0002010 -0000154 +0094546 -0002501 -0071679 -0071041
2019-4-3 23:59:46 -0000910 -0000394 -0000275 -0000515 -0000171 -0001174 +0000099 +0000159 -0002009 -0000154 +0094551 -0002504 -0071682 -0071046
2019-4-4 0:30:59 -0000910 -0000394 -0000274 -0000511 -0000168 -0001172 +0000102 +0000162 -0002009 -0000151 +0094580 -0002501 -0071670 -0071001
2019-4-4 1:02:12 -0000911 -0000395 -0000274 -0000510 -0000170 -0001173 +0000102 +0000163 -0002009 -0000151 +0094599 -0002500 -0071675 -0071015
2019-4-4 1:33:24 -0000913 -0000397 -0000274 -0000513 -0000174 -0001175 +0000101 +0000159 -0002010 -0000155 +0094626 -0002501 -0071683 -0071032
2019-4-4 2:04:37 -0000911 -0000397 -0000274 -0000512 -0000170 -0001172 +0000101 +0000160 -0002008 -0000154 +0094617 -0002502 -0071678 -0071032
2019-4-4 2:35:50 -0000913 -0000396 -0000275 -0000513 -0000172 -0001172 +0000101 +0000161 -0002009 -0000152 +0094609 -0002502 -0071678 -0071034
2019-4-4 3:07:03 -0000913 -0000396 -0000274 -0000512 -0000171 -0001173 +0000100 +0000161 -0002007 -0000152 +0094617 -0002500 -0071680 -0071038
2019-4-4 3:38:16 -0000910 -0000393 -0000273 -0000513 -0000168 -0001170 +0000102 +0000163 -0002007 -0000151 +0094608 -0002500 -0071677 -0071036
2019-4-4 4:09:29 -0000911 -0000394 -0000273 -0000512 -0000170 -0001171 +0000101 +0000162 -0002010 -0000153 +0094612 -0002499 -0071678 -0071039
2019-4-4 4:40:42 -0000910 -0000392 -0000271 -0000509 -0000167 -0001168 +0000103 +0000162 -0002006 -0000151 +0094627 -0002499 -0071674 -0071038
2019-4-4 5:11:55 -0000907 -0000390 -0000271 -0000510 -0000167 -0001167 +0000104 +0000163 -0002005 -0000149 +0094658 -0002498 -0071676 -0071038
2019-4-4 5:43:07 -0000910 -0000395 -0000273 -0000511 -0000170 -0001171 +0000101 +0000161 -0002010 -0000153 +0094654 -0002500 -0071679 -0071038
2019-4-4 6:14:20 -0000910 -0000392 -0000271 -0000511 -0000169 -0001168 +0000103 +0000161 -0002006 -0000151 +0094666 -0002499 -0071678 -0071038
2019-4-4 6:45:33 -0000907 -0000391 -0000271 -0000509 -0000167 -0001167 +0000105 +0000164 -0002006 -0000150 +0094669 -0002497 -0071673 -0071036
2019-4-4 7:16:46 -0000910 -0000393 -0000273 -0000511 -0000170 -0001170 +0000103 +0000161 -0002008 -0000150 +0094678 -0002497 -0071676 -0071038
2019-4-4 7:47:59 -0000910 -0000391 -0000273 -0000511 -0000169 -0001172 +0000104 +0000161 -0002007 -0000151 +0094710 -0002499 -0071678 -0071039
2019-4-4 8:19:12 -0000909 -0000392 -0000272 -0000511 -0000169 -0001171 +0000103 +0000160 -0002008 -0000150 +0094705 -0002498 -0071675 -0071039
2019-4-4 8:50:24 -0000908 -0000389 -0000272 -0000509 -0000168 -0001167 +0000106 +0000164 -0002006 -0000148 +0094726 -0002496 -0071675 -0071036
2019-4-4 9:21:38 -0000909 -0000387 -0000271 -0000508 -0000167 -0001168 +0000106 +0000162 -0002005 -0000149 +0094714 -0002496 -0071675 -0071037
2019-4-4 9:52:50 -0000910 -0000390 -0000274 -0000512 -0000170 -0001170 +0000101 +0000160 -0002008 -0000150 +0094750 -0002499 -0071677 -0071038
2019-4-4 10:24:03 -0000909 -0000391 -0000273 -0000511 -0000167 -0001170 +0000102 +0000160 -0002007 -0000151 +0094761 -0002497 -0071676 -0071037
2019-4-4 10:55:16 -0000909 -0000390 -0000274 -0000510 -0000169 -0001171 +0000103 +0000160 -0002007 -0000149 +0094781 -0002496 -0071675 -0071037
2019-4-4 11:26:29 -0000908 -0000389 -0000271 -0000509 -0000167 -0001167 +0000106 +0000161 -0002006 -0000148 +0094807 -0002496 -0071674 -0071035
2019-4-4 11:57:42 -0000907 -0000387 -0000273 -0000509 -0000168 -0001167 +0000106 +0000161 -0002006 -0000148 +0094814 -0002494 -0071673 -0071038
2019-4-4 12:28:55 -0000906 -0000386 -0000271 -0000509 -0000165 -0001167 +0000107 +0000163 -0002005 -0000146 +0094789 -0002493 -0071670 -0071034
2019-4-4 13:00:08 -0000932 -0000402 -0000281 -0000513 -0000169 -0001169 +0000103 +0000158 -0002007 -0000149 +0094786 -0002495 -0071529 -0070794
2019-4-4 13:31:20 -0000911 -0000387 -0000270 -0000509 -0000168 -0001167 +0000107 +0000160 -0002005 -0000148 +0094792 -0002494 -0071669 -0071003
2019-4-4 14:02:33 -0000907 -0000386 -0000272 -0000510 -0000165 -0001166 +0000107 +0000162 -0002005 -0000148 +0094829 -0002494 -0071671 -0071016
2019-4-4 14:33:46 -0000909 -0000387 -0000271 -0000509 -0000166 -0001167 +0000108 +0000163 -0002004 -0000148 +0094821 -0002493 -0071674 -0071022
2019-4-4 15:04:59 -0000908 -0000387 -0000272 -0000509 -0000167 -0001165 +0000109 +0000161 -0002004 -0000148 +0094834 -0002495 -0071672 -0071027
2019-4-4 15:36:12 -0000907 -0000386 -0000270 -0000507 -0000165 -0001164 +0000110 +0000163 -0002003 -0000146 +0094842 -0002491 -0071671 -0071030
2019-4-4 16:07:25 -0000906 -0000384 -0000268 -0000508 -0000166 -0001164 +0000108 +0000163 -0002002 -0000145 +0094854 -0002492 -0071669 -0071030
2019-4-4 16:38:37 -0000907 -0000386 -0000269 -0000508 -0000165 -0001164 +0000109 +0000163 -0002002 -0000146 +0094875 -0002493 -0071672 -0071032
2019-4-4 17:09:51 -0000907 -0000385 -0000267 -0000508 -0000165 -0001162 +0000110 +0000165 -0002001 -0000148 +0094854 -0002492 -0071671 -0071033
2019-4-4 17:41:03 -0000903 -0000384 -0000267 -0000505 -0000162 -0001160 +0000112 +0000166 -0002000 -0000145 +0094857 -0002492 -0071672 -0071033
2019-4-4 18:12:16 -0000905 -0000385 -0000269 -0000508 -0000165 -0001163 +0000111 +0000163 -0002000 -0000146 +0094860 -0002491 -0071668 -0071031
2019-4-4 18:43:29 -0000903 -0000382 -0000267 -0000504 -0000162 -0001160 +0000110 +0000165 -0002000 -0000144 +0094861 -0002488 -0071665 -0071028
2019-4-4 19:14:42 -0000905 -0000383 -0000268 -0000507 -0000164 -0001162 +0000112 +0000164 -0002000 -0000146 +0094873 -0002491 -0071669 -0071033
2019-4-4 19:45:55 -0000904 -0000382 -0000271 -0000509 -0000162 -0001163 +0000109 +0000162 -0002001 -0000144 +0094867 -0002491 -0071669 -0071032
2019-4-4 20:17:08 -0000906 -0000384 -0000269 -0000510 -0000164 -0001165 +0000109 +0000162 -0002001 -0000145 +0094894 -0002492 -0071669 -0071032
2019-4-4 20:48:20 -0000905 -0000382 -0000269 -0000505 -0000164 -0001163 +0000110 +0000165 -0002002 -0000145 +0094918 -0002492 -0071669 -0071031
2019-4-4 21:19:34 -0000905 -0000383 -0000269 -0000506 -0000162 -0001162 +0000112 +0000164 -0002002 -0000142 +0094907 -0002490 -0071667 -0071029
2019-4-4 21:50:46 -0000906 -0000380 -0000269 -0000507 -0000162 -0001163 +0000111 +0000164 -0002001 -0000144 +0094922 -0002489 -0071671 -0071032
2019-4-4 22:21:59 -0000905 -0000382 -0000267 -0000506 -0000162 -0001163 +0000110 +0000162 -0002000 -0000144 +0094911 -0002489 -0071670 -0071031
2019-4-4 22:53:12 -0000903 -0000379 -0000268 -0000507 -0000162 -0001162 +0000112 +0000165 -0002001 -0000144 +0094916 -0002490 -0071668 -0071029
2019-4-4 23:24:25 -0000906 -0000382 -0000271 -0000509 -0000165 -0001165 +0000111 +0000162 -0002003 -0000145 +0094933 -0002491 -0071669 -0071032
2019-4-4 23:55:38 -0000905 -0000379 -0000271 -0000506 -0000165 -0001164 +0000111 +0000163 -0002002 -0000144 +0094942 -0002488 -0071667 -0071032
2019-4-5 0:26:51 -0000905 -0000379 -0000269 -0000507 -0000162 -0001163 +0000112 +0000163 -0002001 -0000143 +0094961 -0002486 -0071667 -0071030
2019-4-5 0:58:03 -0000904 -0000379 -0000269 -0000505 -0000163 -0001163 +0000112 +0000164 -0002001 -0000143 +0094966 -0002488 -0071668 -0071031
2019-4-5 1:29:17 -0000902 -0000379 -0000268 -0000505 -0000161 -0001162 +0000113 +0000164 -0002001 -0000141 +0094957 -0002488 -0071665 -0071030
2019-4-5 2:00:29 -0000907 -0000380 -0000270 -0000505 -0000163 -0001164 +0000111 +0000160 -0002004 -0000144 +0094941 -0002487 -0071648 -0070981
2019-4-5 2:31:42 -0000903 -0000378 -0000269 -0000504 -0000161 -0001161 +0000112 +0000162 -0001999 -0000143 +0094971 -0002486 -0071664 -0071002
2019-4-5 3:02:55 -0000905 -0000378 -0000269 -0000506 -0000161 -0001161 +0000114 +0000162 -0002000 -0000143 +0094965 -0002486 -0071667 -0071014
2019-4-5 3:34:08 -0000905 -0000380 -0000268 -0000506 -0000164 -0001162 +0000112 +0000162 -0002001 -0000145 +0094995 -0002487 -0071666 -0071019
2019-4-5 4:05:21 -0000906 -0000379 -0000271 -0000506 -0000163 -0001162 +0000112 +0000161 -0002001 -0000143 +0095017 -0002486 -0071668 -0071022
2019-4-5 4:36:34 -0000905 -0000378 -0000271 -0000506 -0000162 -0001163 +0000114 +0000163 -0002001 -0000142 +0095014 -0002487 -0071665 -0071026
2019-4-5 5:07:47 -0000904 -0000375 -0000269 -0000504 -0000162 -0001159 +0000115 +0000164 -0001999 -0000141 +0095018 -0002486 -0071663 -0071024
2019-4-5 5:38:59 -0000904 -0000376 -0000268 -0000504 -0000164 -0001161 +0000114 +0000163 -0002000 -0000143 +0095031 -0002486 -0071666 -0071027
2019-4-5 6:10:12 -0000904 -0000377 -0000268 -0000504 -0000161 -0001160 +0000113 +0000163 -0002000 -0000142 +0095041 -0002486 -0071666 -0071026
2019-4-5 6:41:25 -0000904 -0000377 -0000268 -0000505 -0000162 -0001160 +0000116 +0000162 -0002000 -0000139 +0095042 -0002484 -0071664 -0071025
2019-4-5 7:12:38 -0000903 -0000376 -0000268 -0000506 -0000160 -0001160 +0000113 +0000162 -0001999 -0000143 +0095064 -0002485 -0071665 -0071028
2019-4-5 7:43:51 -0000903 -0000375 -0000268 -0000504 -0000159 -0001159 +0000114 +0000164 -0001996 -0000140 +0095065 -0002482 -0071663 -0071025
2019-4-5 8:15:04 -0000903 -0000375 -0000268 -0000505 -0000161 -0001160 +0000115 +0000162 -0002000 -0000143 +0095086 -0002484 -0071662 -0071024
