2019-3-27 8:47:38 +0010376 +0009516 +0010022 +0011527 +0009150 +0006645 +0009592 +0008936 +0005610 +0009752 +0009625 +0008732 -0070643 -0070272
2019-3-27 8:49:43 +0010377 +0009517 +0010023 +0011529 +0009151 +0006648 +0009590 +0008935 +0005611 +0009753 +0009625 +0008732 -0070601 -0070215
2019-3-27 8:51:48 +0010379 +0009518 +0010024 +0011528 +0009151 +0006645 +0009591 +0008935 +0005610 +0009752 +0009625 +0008732 -0070640 -0070229
2019-3-27 8:58:24 +0010376 +0009517 +0010021 +0011527 +0009151 +0006645 +0009590 +0008935 +0005609 +0009752 +0009625 +0008732 -0070643 -0070267
2019-3-27 9:12:20 +0010380 +0009521 +0010025 +0011532 +0009155 +0006646 +0009594 +0008939 +0005612 +0009756 +0009627 +0008735 -0070640 -0070270
2019-3-27 9:18:14 +0010379 +0009520 +0010024 +0011528 +0009153 +0006646 +0009592 +0008939 +0005611 +0009755 +0009627 +0008733 -0070639 -0070270
2019-3-27 9:49:27 +0010380 +0009519 +0010023 +0011530 +0009154 +0006646 +0009594 +0008938 +0005613 +0009754 +0009626 +0008734 -0070641 -0070274
2019-3-27 10:20:40 +0010380 +0009519 +0010026 +0011530 +0009153 +0006647 +0009594 +0008938 +0005612 +0009755 +0009627 +0008735 -0070639 -0070270
2019-3-27 10:51:53 +0010381 +0009523 +0010028 +0011533 +0009154 +0006648 +0009594 +0008940 +0005614 +0009758 +0009629 +0008736 -0070639 -0070270
2019-3-27 11:23:06 +0010382 +0009523 +0010028 +0011532 +0009153 +0006649 +0009594 +0008940 +0005614 +0009757 +0009628 +0008735 -0070640 -0070270
2019-3-27 11:54:19 +0010381 +0009522 +0010027 +0011532 +0009153 +0006647 +0009593 +0008938 +0005612 +0009755 +0009629 +0008735 -0070641 -0070272
2019-3-27 12:25:32 +0010386 +0009528 +0010031 +0011534 +0009157 +0006650 +0009595 +0008941 +0005614 +0009759 +0009631 +0008739 -0070636 -0070269
2019-3-27 12:56:45 +0010388 +0009529 +0010034 +0011536 +0009157 +0006651 +0009596 +0008941 +0005616 +0009760 +0009632 +0008739 -0070636 -0070270
2019-3-27 13:27:57 +0010387 +0009527 +0010034 +0011537 +0009157 +0006652 +0009595 +0008940 +0005616 +0009759 +0009630 +0008738 -0070638 -0070272
2019-3-27 13:59:10 +0010387 +0009527 +0010033 +0011537 +0009153 +0006649 +0009593 +0008938 +0005615 +0009757 +0009630 +0008737 -0070639 -0070273
2019-3-27 14:30:23 +0010391 +0009532 +0010036 +0011541 +0009157 +0006653 +0009596 +0008941 +0005617 +0009762 +0009634 +0008741 -0070636 -0070267
2019-3-27 15:01:36 +0010390 +0009531 +0010036 +0011542 +0009155 +0006654 +0009592 +0008939 +0005614 +0009761 +0009630 +0008739 -0070573 -0070228
2019-3-27 15:32:49 +0010392 +0009531 +0010038 +0011540 +0009154 +0006652 +0009596 +0008938 +0005616 +0009760 +0009633 +0008738 -0070633 -0070245
2019-3-27 16:04:02 +0010395 +0009536 +0010040 +0011543 +0009158 +0006655 +0009594 +0008943 +0005618 +0009762 +0009633 +0008743 -0070633 -0070252
2019-3-27 16:35:15 +0010397 +0009538 +0010041 +0011544 +0009157 +0006654 +0009596 +0008943 +0005617 +0009764 +0009634 +0008740 -0070636 -0070260
2019-3-27 17:37:40 +0010399 +0009542 +0010045 +0011547 +0009159 +0006656 +0009597 +0008947 +0005620 +0009766 +0009636 +0008744 -0070645 -0070686
2019-3-27 18:08:53 +0010399 +0009541 +0010045 +0011547 +0009158 +0006655 +0009599 +0008944 +0005619 +0009767 +0009636 +0008745 -0070646 -0070678
2019-3-28 11:55:25 +0010433 +0009576 +0010078 +0011575 +0009169 +0006669 +0009606 +0008956 +0005634 +0009787 +0009655 +0008767 -0070626 -0070380
2019-3-28 12:26:38 +0010434 +0009576 +0010078 +0011577 +0009168 +0006670 +0009608 +0008955 +0005634 +0009787 +0009654 +0008768 -0070629 -0070380
2019-3-28 12:57:51 +0010435 +0009576 +0010079 +0011576 +0009168 +0006669 +0009607 +0008955 +0005634 +0009787 +0009653 +0008766 -0070631 -0070383
2019-3-28 13:29:04 +0010433 +0009577 +0010080 +0011576 +0009166 +0006670 +0009604 +0008953 +0005634 +0009786 +0009652 +0008765 -0070628 -0070381
2019-3-28 14:00:16 +0010436 +0009581 +0010081 +0011577 +0009168 +0006671 +0009605 +0008954 +0005636 +0009788 +0009654 +0008770 -0070628 -0070381
2019-3-28 14:31:29 +0010440 +0009581 +0010081 +0011579 +0009167 +0006672 +0009607 +0008955 +0005636 +0009789 +0009654 +0008769 -0070626 -0070380
2019-3-28 15:02:42 +0010436 +0009578 +0010080 +0011579 +0009165 +0006671 +0009602 +0008951 +0005634 +0009784 +0009651 +0008767 -0070632 -0070383
2019-3-28 15:33:55 +0010441 +0009582 +0010085 +0011582 +0009169 +0006675 +0009606 +0008955 +0005638 +0009788 +0009656 +0008768 -0070627 -0070380
2019-3-28 16:05:08 +0010442 +0009584 +0010085 +0011581 +0009166 +0006675 +0009606 +0008956 +0005638 +0009789 +0009657 +0008771 -0070625 -0070381
2019-3-28 16:36:21 +0010443 +0009585 +0010088 +0011585 +0009169 +0006674 +0009609 +0008957 +0005640 +0009789 +0009658 +0008771 -0070627 -0070384
2019-3-28 17:07:34 +0010444 +0009589 +0010089 +0011584 +0009169 +0006676 +0009607 +0008957 +0005639 +0009789 +0009658 +0008769 -0070628 -0070381
2019-3-28 17:38:47 +0010443 +0009586 +0010088 +0011585 +0009168 +0006676 +0009609 +0008956 +0005638 +0009791 +0009658 +0008772 -0070627 -0070378
2019-3-28 18:10:00 +0010445 +0009587 +0010088 +0011586 +0009167 +0006676 +0009605 +0008955 +0005639 +0009791 +0009655 +0008770 -0070628 -0070383
2019-3-28 18:41:12 +0010446 +0009589 +0010091 +0011586 +0009168 +0006678 +0009606 +0008956 +0005640 +0009791 +0009657 +0008771 -0070624 -0070380
2019-3-28 19:12:25 +0010447 +0009590 +0010091 +0011587 +0009168 +0006676 +0009607 +0008957 +0005641 +0009793 +0009659 +0008774 -0070625 -0070379
2019-3-28 19:43:38 +0010445 +0009588 +0010091 +0011583 +0009166 +0006676 +0009606 +0008954 +0005639 +0009792 +0009659 +0008771 -0070627 -0070382
2019-3-28 20:14:51 +0010447 +0009589 +0010092 +0011588 +0009167 +0006677 +0009606 +0008954 +0005640 +0009792 +0009658 +0008771 -0070623 -0070375
2019-3-28 20:46:04 +0010447 +0009588 +0010091 +0011588 +0009164 +0006678 +0009603 +0008953 +0005639 +0009791 +0009655 +0008771 -0070597 -0070346
2019-3-28 21:17:17 +0010450 +0009596 +0010093 +0011590 +0009170 +0006680 +0009608 +0008958 +0005641 +0009795 +0009661 +0008775 -0070621 -0070361
2019-3-28 21:48:29 +0010452 +0009593 +0010094 +0011589 +0009168 +0006678 +0009606 +0008957 +0005641 +0009795 +0009661 +0008775 -0070621 -0070366
2019-3-28 22:19:42 +0010450 +0009593 +0010093 +0011589 +0009170 +0006678 +0009607 +0008958 +0005642 +0009795 +0009662 +0008776 -0070621 -0070369
2019-3-28 22:50:55 +0010451 +0009594 +0010096 +0011590 +0009171 +0006679 +0009608 +0008960 +0005643 +0009798 +0009662 +0008779 -0070622 -0070369
2019-3-28 23:22:08 +0010452 +0009594 +0010096 +0011591 +0009171 +0006679 +0009609 +0008957 +0005643 +0009797 +0009663 +0008777 -0070621 -0070376
2019-3-28 23:53:21 +0010453 +0009597 +0010096 +0011591 +0009171 +0006680 +0009608 +0008957 +0005644 +0009797 +0009664 +0008777 -0070622 -0070377
2019-3-29 0:24:34 +0010455 +0009598 +0010099 +0011594 +0009171 +0006680 +0009611 +0008960 +0005643 +0009797 +0009663 +0008781 -0070620 -0070374
2019-3-29 0:55:47 +0010457 +0009599 +0010100 +0011594 +0009171 +0006681 +0009609 +0008958 +0005644 +0009797 +0009663 +0008779 -0070621 -0070378
2019-3-29 1:27:00 +0010457 +0009600 +0010102 +0011595 +0009171 +0006680 +0009609 +0008961 +0005645 +0009799 +0009664 +0008780 -0070620 -0070375
2019-3-29 1:58:13 +0010460 +0009605 +0010105 +0011599 +0009173 +0006683 +0009612 +0008961 +0005643 +0009803 +0009667 +0008781 -0070620 -0070376
2019-3-29 2:29:25 +0010460 +0009603 +0010106 +0011599 +0009172 +0006681 +0009612 +0008963 +0005645 +0009802 +0009668 +0008781 -0070621 -0070375
2019-3-29 3:00:38 +0010462 +0009604 +0010106 +0011598 +0009173 +0006683 +0009612 +0008960 +0005644 +0009801 +0009666 +0008782 -0070619 -0070376
2019-3-29 3:31:51 +0010467 +0009608 +0010108 +0011603 +0009175 +0006686 +0009613 +0008962 +0005649 +0009805 +0009670 +0008784 -0070618 -0070373
2019-3-29 4:03:04 +0010465 +0009607 +0010107 +0011603 +0009173 +0006684 +0009613 +0008962 +0005647 +0009803 +0009668 +0008784 -0070620 -0070377
2019-3-29 4:34:17 +0010466 +0009609 +0010111 +0011604 +0009175 +0006689 +0009615 +0008964 +0005649 +0009805 +0009670 +0008785 -0070615 -0070374
2019-3-29 5:05:30 +0010466 +0009611 +0010110 +0011603 +0009175 +0006687 +0009611 +0008963 +0005649 +0009805 +0009669 +0008785 -0070615 -0070372
2019-3-29 5:36:43 +0010465 +0009609 +0010109 +0011604 +0009173 +0006689 +0009610 +0008962 +0005647 +0009803 +0009668 +0008783 -0070620 -0070378
2019-3-29 6:07:55 +0010469 +0009613 +0010112 +0011607 +0009175 +0006690 +0009612 +0008964 +0005649 +0009806 +0009670 +0008784 -0070616 -0070372
2019-3-29 6:39:08 +0010469 +0009614 +0010114 +0011607 +0009175 +0006692 +0009614 +0008963 +0005650 +0009809 +0009672 +0008788 -0070614 -0070371
2019-3-29 7:10:21 +0010470 +0009615 +0010113 +0011607 +0009177 +0006691 +0009614 +0008963 +0005648 +0009806 +0009670 +0008786 -0070621 -0070375
2019-3-29 7:41:34 +0010471 +0009615 +0010115 +0011610 +0009177 +0006693 +0009616 +0008964 +0005651 +0009808 +0009672 +0008788 -0070615 -0070373
2019-3-29 8:12:47 +0010472 +0009615 +0010117 +0011610 +0009177 +0006693 +0009616 +0008966 +0005651 +0009809 +0009671 +0008786 -0070614 -0070370
2019-3-29 8:44:00 +0010474 +0009617 +0010116 +0011609 +0009175 +0006695 +0009615 +0008965 +0005650 +0009810 +0009672 +0008789 -0070617 -0070374
2019-3-29 9:15:13 +0010473 +0009616 +0010115 +0011610 +0009174 +0006692 +0009614 +0008963 +0005649 +0009809 +0009671 +0008790 -0070616 -0070370
2019-3-29 9:46:26 +0010474 +0009620 +0010118 +0011613 +0009177 +0006696 +0009614 +0008965 +0005650 +0009811 +0009672 +0008791 -0070604 -0070343
2019-3-29 10:17:38 +0010474 +0009620 +0010119 +0011613 +0009178 +0006696 +0009616 +0008965 +0005652 +0009811 +0009673 +0008790 -0070614 -0070354
2019-3-29 10:48:51 +0010476 +0009620 +0010121 +0011613 +0009177 +0006695 +0009615 +0008966 +0005651 +0009813 +0009673 +0008791 -0070616 -0070368
2019-3-29 11:20:04 +0010476 +0009621 +0010121 +0011614 +0009177 +0006698 +0009615 +0008967 +0005653 +0009812 +0009676 +0008791 -0070616 -0070368
2019-3-29 11:51:17 +0010478 +0009623 +0010122 +0011615 +0009179 +0006697 +0009614 +0008967 +0005652 +0009814 +0009676 +0008792 -0070616 -0070371
2019-3-29 12:22:30 +0010478 +0009624 +0010122 +0011616 +0009177 +0006697 +0009617 +0008966 +0005652 +0009812 +0009676 +0008794 -0070615 -0070375
2019-3-29 12:53:43 +0010480 +0009627 +0010126 +0011618 +0009180 +0006700 +0009616 +0008969 +0005655 +0009815 +0009677 +0008796 -0070614 -0070370
2019-3-29 13:24:56 +0010484 +0009629 +0010127 +0011620 +0009183 +0006703 +0009620 +0008972 +0005656 +0009817 +0009682 +0008796 -0070612 -0070369
2019-3-29 13:56:09 +0010483 +0009627 +0010126 +0011619 +0009178 +0006702 +0009617 +0008968 +0005653 +0009814 +0009678 +0008795 -0070615 -0070371
2019-3-29 14:27:21 +0010486 +0009630 +0010128 +0011623 +0009181 +0006703 +0009617 +0008971 +0005659 +0009817 +0009678 +0008796 -0070612 -0070375
2019-3-29 14:58:34 +0010484 +0009630 +0010129 +0011621 +0009180 +0006705 +0009617 +0008969 +0005658 +0009815 +0009679 +0008795 -0070612 -0070370
2019-3-29 15:29:47 +0010485 +0009630 +0010131 +0011621 +0009179 +0006707 +0009616 +0008968 +0005655 +0009817 +0009680 +0008797 -0070614 -0070373
2019-3-29 16:01:00 +0010488 +0009632 +0010132 +0011624 +0009179 +0006706 +0009617 +0008970 +0005657 +0009816 +0009679 +0008796 -0070612 -0070370
2019-3-29 16:32:13 +0010490 +0009634 +0010133 +0011625 +0009181 +0006710 +0009619 +0008970 +0005656 +0009818 +0009680 +0008798 -0070611 -0070370
2019-3-29 17:03:26 +0010490 +0009636 +0010134 +0011628 +0009183 +0006711 +0009621 +0008972 +0005659 +0009819 +0009682 +0008798 -0070612 -0070371
2019-3-29 17:34:39 +0010494 +0009637 +0010136 +0011630 +0009184 +0006712 +0009622 +0008975 +0005660 +0009822 +0009685 +0008800 -0070609 -0070370
2019-3-29 18:05:51 +0010492 +0009637 +0010136 +0011628 +0009182 +0006711 +0009621 +0008974 +0005657 +0009820 +0009684 +0008799 -0070612 -0070373
2019-3-29 18:37:04 +0010494 +0009638 +0010138 +0011631 +0009182 +0006712 +0009621 +0008974 +0005657 +0009823 +0009685 +0008801 -0070612 -0070372
2019-3-29 19:08:17 +0010493 +0009639 +0010137 +0011630 +0009182 +0006711 +0009619 +0008971 +0005658 +0009820 +0009684 +0008800 -0070611 -0070370
2019-3-29 19:39:30 +0010498 +0009643 +0010143 +0011635 +0009184 +0006714 +0009625 +0008976 +0005661 +0009825 +0009687 +0008803 -0070607 -0070367
2019-3-29 20:10:43 +0010495 +0009641 +0010139 +0011632 +0009184 +0006714 +0009623 +0008975 +0005659 +0009824 +0009685 +0008802 -0070612 -0070375
2019-3-29 21:13:09 +0010494 +0009641 +0010140 +0011630 +0009182 +0006713 +0009621 +0008973 +0005658 +0009823 +0009687 +0008801 -0070610 -0070375
2019-3-29 21:44:21 +0010496 +0009644 +0010142 +0011632 +0009184 +0006715 +0009622 +0008972 +0005661 +0009824 +0009686 +0008804 -0070610 -0070375
2019-3-29 22:15:34 +0010492 +0009638 +0010138 +0011631 +0009182 +0006717 +0009618 +0008973 +0005660 +0009825 +0009685 +0008802 -0070472 -0070309
2019-3-29 22:46:47 +0010499 +0009644 +0010141 +0011633 +0009183 +0006715 +0009622 +0008975 +0005662 +0009826 +0009688 +0008803 -0070606 -0070348
2019-3-29 23:18:00 +0010498 +0009646 +0010144 +0011634 +0009183 +0006715 +0009621 +0008975 +0005660 +0009826 +0009688 +0008803 -0070608 -0070353
2019-3-29 23:49:13 +0010500 +0009644 +0010145 +0011634 +0009183 +0006717 +0009623 +0008975 +0005662 +0009825 +0009688 +0008804 -0070609 -0070363
2019-3-30 0:20:26 +0010501 +0009645 +0010143 +0011633 +0009182 +0006715 +0009621 +0008975 +0005661 +0009827 +0009689 +0008806 -0070609 -0070369
2019-3-30 0:51:39 +0010501 +0009646 +0010145 +0011635 +0009184 +0006716 +0009623 +0008975 +0005661 +0009827 +0009689 +0008805 -0070607 -0070366
2019-3-30 1:22:52 +0010503 +0009649 +0010146 +0011637 +0009187 +0006717 +0009623 +0008978 +0005663 +0009829 +0009691 +0008807 -0070604 -0070366
2019-3-30 1:54:05 +0010504 +0009649 +0010146 +0011636 +0009184 +0006719 +0009622 +0008976 +0005663 +0009828 +0009688 +0008806 -0070607 -0070368
2019-3-30 2:25:17 +0010503 +0009650 +0010147 +0011637 +0009183 +0006720 +0009621 +0008975 +0005665 +0009829 +0009688 +0008807 -0070605 -0070366
2019-3-30 2:56:30 +0010505 +0009650 +0010147 +0011638 +0009184 +0006720 +0009622 +0008977 +0005665 +0009831 +0009689 +0008807 -0070605 -0070367
2019-3-30 3:27:43 +0010504 +0009650 +0010148 +0011637 +0009181 +0006720 +0009621 +0008974 +0005663 +0009829 +0009688 +0008806 -0070608 -0070373
2019-3-30 3:58:56 +0010506 +0009651 +0010147 +0011638 +0009184 +0006721 +0009621 +0008976 +0005664 +0009830 +0009689 +0008806 -0070608 -0070372
2019-3-30 4:30:09 +0010506 +0009654 +0010150 +0011639 +0009185 +0006719 +0009622 +0008975 +0005664 +0009830 +0009691 +0008808 -0070607 -0070370
2019-3-30 5:01:22 +0010506 +0009652 +0010149 +0011640 +0009185 +0006720 +0009621 +0008975 +0005664 +0009830 +0009691 +0008808 -0070606 -0070370
2019-3-30 5:32:35 +0010507 +0009652 +0010152 +0011640 +0009185 +0006721 +0009624 +0008976 +0005666 +0009830 +0009690 +0008808 -0070605 -0070369
2019-3-30 6:03:48 +0010512 +0009656 +0010153 +0011642 +0009189 +0006725 +0009625 +0008980 +0005669 +0009835 +0009693 +0008812 -0070603 -0070365
2019-3-30 6:35:00 +0010510 +0009657 +0010153 +0011641 +0009186 +0006722 +0009625 +0008978 +0005667 +0009835 +0009692 +0008812 -0070604 -0070367
2019-3-30 7:06:13 +0010508 +0009655 +0010153 +0011641 +0009185 +0006722 +0009623 +0008975 +0005664 +0009830 +0009691 +0008809 -0070607 -0070368
2019-3-30 7:37:26 +0010511 +0009660 +0010154 +0011645 +0009187 +0006723 +0009626 +0008978 +0005666 +0009833 +0009693 +0008814 -0070605 -0070364
2019-3-30 8:08:39 +0010511 +0009659 +0010154 +0011644 +0009185 +0006723 +0009623 +0008977 +0005667 +0009835 +0009694 +0008811 -0070604 -0070370
2019-3-30 8:39:52 +0010512 +0009660 +0010156 +0011645 +0009188 +0006723 +0009627 +0008980 +0005670 +0009835 +0009696 +0008814 -0070602 -0070366
2019-3-30 9:11:05 +0010514 +0009661 +0010157 +0011644 +0009190 +0006722 +0009625 +0008980 +0005667 +0009836 +0009694 +0008813 -0070603 -0070365
2019-3-30 9:42:18 +0010514 +0009660 +0010157 +0011647 +0009188 +0006723 +0009626 +0008979 +0005667 +0009837 +0009697 +0008817 -0070603 -0070368
2019-3-30 10:13:30 +0010515 +0009662 +0010158 +0011645 +0009187 +0006723 +0009626 +0008980 +0005666 +0009839 +0009699 +0008818 -0070603 -0070364
2019-3-30 10:44:43 +0010516 +0009662 +0010159 +0011648 +0009187 +0006725 +0009627 +0008981 +0005668 +0009838 +0009697 +0008815 -0070605 -0070368
2019-3-30 11:15:56 +0010515 +0009663 +0010158 +0011648 +0009185 +0006724 +0009623 +0008978 +0005668 +0009836 +0009693 +0008814 -0070577 -0070336
2019-3-30 11:47:09 +0010519 +0009663 +0010160 +0011647 +0009188 +0006725 +0009625 +0008979 +0005670 +0009838 +0009696 +0008817 -0070602 -0070350
2019-3-30 12:18:22 +0010517 +0009664 +0010163 +0011650 +0009186 +0006725 +0009624 +0008980 +0005670 +0009838 +0009697 +0008817 -0070601 -0070361
2019-3-30 12:49:35 +0010521 +0009668 +0010164 +0011651 +0009187 +0006728 +0009625 +0008981 +0005671 +0009840 +0009698 +0008819 -0070600 -0070356
2019-3-30 13:20:48 +0010522 +0009670 +0010165 +0011653 +0009189 +0006727 +0009628 +0008982 +0005672 +0009839 +0009700 +0008820 -0070599 -0070358
2019-3-30 13:52:01 +0010523 +0009669 +0010166 +0011654 +0009188 +0006729 +0009627 +0008983 +0005671 +0009840 +0009699 +0008819 -0070601 -0070362
2019-3-30 14:23:13 +0010523 +0009671 +0010167 +0011655 +0009190 +0006729 +0009627 +0008981 +0005673 +0009841 +0009699 +0008818 -0070601 -0070363
2019-3-30 14:54:26 +0010525 +0009673 +0010168 +0011654 +0009190 +0006729 +0009628 +0008983 +0005675 +0009842 +0009698 +0008819 -0070601 -0070363
2019-3-30 15:25:39 +0010528 +0009673 +0010169 +0011656 +0009187 +0006730 +0009626 +0008981 +0005675 +0009842 +0009700 +0008821 -0070604 -0070362
2019-3-30 15:56:52 +0010530 +0009675 +0010172 +0011658 +0009191 +0006733 +0009629 +0008983 +0005675 +0009843 +0009700 +0008822 -0070598 -0070365
2019-3-30 16:28:05 +0010531 +0009677 +0010172 +0011660 +0009190 +0006732 +0009630 +0008983 +0005675 +0009844 +0009701 +0008822 -0070599 -0070366
2019-3-30 16:59:18 +0010532 +0009678 +0010174 +0011660 +0009191 +0006733 +0009630 +0008984 +0005676 +0009844 +0009701 +0008823 -0070601 -0070364
2019-3-30 17:30:31 +0010533 +0009678 +0010175 +0011662 +0009190 +0006731 +0009629 +0008984 +0005674 +0009845 +0009701 +0008822 -0070602 -0070364
2019-3-30 18:01:43 +0010534 +0009680 +0010178 +0011662 +0009191 +0006734 +0009627 +0008984 +0005675 +0009844 +0009702 +0008823 -0070600 -0070364
2019-3-30 18:32:56 +0010535 +0009683 +0010178 +0011663 +0009193 +0006736 +0009630 +0008986 +0005678 +0009848 +0009704 +0008826 -0070596 -0070360
2019-3-30 19:04:09 +0010536 +0009682 +0010177 +0011661 +0009191 +0006736 +0009629 +0008984 +0005676 +0009846 +0009703 +0008824 -0070602 -0070365
2019-3-30 19:35:22 +0010536 +0009685 +0010180 +0011666 +0009195 +0006736 +0009631 +0008987 +0005677 +0009851 +0009707 +0008827 -0070599 -0070360
2019-3-30 20:06:35 +0010537 +0009685 +0010181 +0011666 +0009196 +0006734 +0009631 +0008988 +0005677 +0009851 +0009707 +0008830 -0070599 -0070364
2019-3-30 20:37:48 +0010541 +0009686 +0010182 +0011667 +0009195 +0006737 +0009633 +0008989 +0005678 +0009851 +0009710 +0008828 -0070595 -0070361
2019-3-30 21:09:01 +0010540 +0009687 +0010182 +0011668 +0009195 +0006738 +0009632 +0008989 +0005678 +0009851 +0009710 +0008828 -0070597 -0070361
2019-3-30 21:40:14 +0010540 +0009688 +0010182 +0011668 +0009195 +0006737 +0009634 +0008988 +0005679 +0009851 +0009709 +0008830 -0070595 -0070360
2019-3-30 22:11:26 +0010540 +0009689 +0010183 +0011669 +0009195 +0006737 +0009633 +0008988 +0005680 +0009851 +0009708 +0008830 -0070594 -0070363
2019-3-30 22:42:39 +0010540 +0009688 +0010182 +0011667 +0009194 +0006737 +0009631 +0008987 +0005677 +0009852 +0009707 +0008828 -0070600 -0070364
2019-3-30 23:13:52 +0010544 +0009692 +0010185 +0011672 +0009196 +0006738 +0009636 +0008990 +0005681 +0009856 +0009711 +0008833 -0070594 -0070364
2019-3-30 23:45:05 +0010545 +0009692 +0010185 +0011670 +0009196 +0006740 +0009636 +0008991 +0005681 +0009855 +0009712 +0008833 -0070595 -0070361
2019-3-31 0:16:18 +0010544 +0009689 +0010186 +0011673 +0009196 +0006741 +0009634 +0008989 +0005680 +0009855 +0009710 +0008831 -0070586 -0070332
2019-3-31 0:47:31 +0010544 +0009692 +0010184 +0011669 +0009195 +0006740 +0009635 +0008989 +0005679 +0009857 +0009709 +0008832 -0070595 -0070344
2019-3-31 1:18:44 +0010546 +0009693 +0010187 +0011671 +0009197 +0006739 +0009634 +0008990 +0005681 +0009856 +0009711 +0008834 -0070596 -0070350
2019-3-31 1:49:56 +0010548 +0009696 +0010191 +0011675 +0009199 +0006742 +0009636 +0008995 +0005682 +0009859 +0009713 +0008835 -0070591 -0070356
2019-3-31 2:21:09 +0010548 +0009696 +0010191 +0011675 +0009200 +0006738 +0009636 +0008991 +0005683 +0009859 +0009714 +0008836 -0070595 -0070354
2019-3-31 2:52:22 +0010549 +0009697 +0010192 +0011676 +0009199 +0006741 +0009636 +0008994 +0005680 +0009859 +0009714 +0008836 -0070594 -0070358
2019-3-31 3:23:35 +0010551 +0009699 +0010193 +0011676 +0009200 +0006740 +0009638 +0008993 +0005681 +0009860 +0009717 +0008838 -0070594 -0070359
2019-3-31 3:54:48 +0010552 +0009700 +0010194 +0011677 +0009199 +0006739 +0009640 +0008995 +0005683 +0009861 +0009718 +0008839 -0070595 -0070358
2019-3-31 4:26:01 +0010555 +0009702 +0010195 +0011679 +0009202 +0006740 +0009641 +0008995 +0005683 +0009862 +0009719 +0008840 -0070595 -0070362
2019-3-31 4:57:14 +0010556 +0009702 +0010198 +0011680 +0009201 +0006741 +0009640 +0008995 +0005685 +0009863 +0009718 +0008841 -0070593 -0070358
2019-3-31 5:28:27 +0010558 +0009704 +0010199 +0011681 +0009203 +0006744 +0009641 +0008998 +0005686 +0009866 +0009720 +0008842 -0070589 -0070354
2019-3-31 5:59:40 +0010556 +0009703 +0010197 +0011682 +0009201 +0006743 +0009639 +0008996 +0005682 +0009863 +0009719 +0008842 -0070591 -0070356
2019-3-31 6:30:52 +0010557 +0009705 +0010197 +0011680 +0009202 +0006745 +0009640 +0008997 +0005687 +0009865 +0009720 +0008842 -0070592 -0070360
2019-3-31 7:02:05 +0010558 +0009705 +0010200 +0011681 +0009202 +0006745 +0009641 +0008996 +0005686 +0009866 +0009718 +0008843 -0070589 -0070356
2019-3-31 8:04:31 +0010559 +0009705 +0010202 +0011683 +0009204 +0006746 +0009641 +0009000 +0005687 +0009866 +0009721 +0008845 -0070589 -0070355
2019-3-31 8:35:44 +0010560 +0009707 +0010201 +0011683 +0009203 +0006744 +0009643 +0008997 +0005685 +0009866 +0009721 +0008845 -0070590 -0070357
2019-3-31 9:06:57 +0010560 +0009706 +0010200 +0011682 +0009202 +0006744 +0009639 +0008998 +0005685 +0009868 +0009719 +0008844 -0070591 -0070358
2019-3-31 9:38:10 +0010562 +0009708 +0010204 +0011684 +0009205 +0006745 +0009642 +0009001 +0005685 +0009870 +0009723 +0008847 -0070589 -0070354
2019-3-31 10:09:22 +0010560 +0009709 +0010202 +0011683 +0009203 +0006742 +0009643 +0008997 +0005684 +0009869 +0009723 +0008846 -0070590 -0070355
2019-3-31 10:40:35 +0010562 +0009710 +0010204 +0011683 +0009205 +0006744 +0009641 +0008998 +0005688 +0009869 +0009723 +0008845 -0070587 -0070355
2019-3-31 11:11:48 +0010561 +0009708 +0010201 +0011683 +0009202 +0006743 +0009642 +0008997 +0005685 +0009869 +0009721 +0008845 -0070587 -0070354
2019-3-31 11:43:01 +0010562 +0009712 +0010204 +0011685 +0009205 +0006744 +0009640 +0008999 +0005687 +0009870 +0009723 +0008848 -0070590 -0070356
2019-3-31 12:14:14 +0010565 +0009713 +0010206 +0011685 +0009203 +0006744 +0009641 +0009001 +0005686 +0009868 +0009722 +0008848 -0070590 -0070361
2019-3-31 12:45:27 +0010556 +0009705 +0010202 +0011685 +0009201 +0006744 +0009638 +0008996 +0005684 +0009867 +0009721 +0008846 -0070451 -0070295
2019-3-31 13:16:40 +0010571 +0009718 +0010212 +0011692 +0009207 +0006749 +0009643 +0009002 +0005690 +0009874 +0009728 +0008852 -0070580 -0070331
2019-3-31 13:47:53 +0010571 +0009719 +0010212 +0011693 +0009209 +0006749 +0009646 +0009004 +0005691 +0009876 +0009728 +0008854 -0070585 -0070342
2019-3-31 14:19:06 +0010573 +0009720 +0010214 +0011695 +0009209 +0006749 +0009647 +0009007 +0005691 +0009877 +0009728 +0008854 -0070585 -0070346
2019-3-31 14:50:18 +0010574 +0009720 +0010215 +0011693 +0009208 +0006748 +0009647 +0009004 +0005691 +0009877 +0009729 +0008854 -0070584 -0070352
2019-3-31 15:21:31 +0010576 +0009724 +0010214 +0011694 +0009208 +0006751 +0009646 +0009004 +0005692 +0009879 +0009728 +0008853 -0070584 -0070348
2019-3-31 15:52:44 +0010575 +0009724 +0010216 +0011696 +0009208 +0006748 +0009648 +0009005 +0005689 +0009878 +0009730 +0008855 -0070585 -0070355
2019-3-31 16:23:57 +0010578 +0009725 +0010218 +0011697 +0009210 +0006752 +0009647 +0009007 +0005691 +0009878 +0009732 +0008854 -0070585 -0070355
2019-3-31 16:55:10 +0010577 +0009727 +0010220 +0011697 +0009211 +0006748 +0009649 +0009005 +0005693 +0009879 +0009732 +0008856 -0070583 -0070352
2019-3-31 17:26:23 +0010580 +0009729 +0010221 +0011700 +0009212 +0006751 +0009649 +0009006 +0005692 +0009879 +0009731 +0008857 -0070585 -0070354
2019-3-31 17:57:35 +0010581 +0009729 +0010223 +0011703 +0009213 +0006751 +0009649 +0009008 +0005692 +0009881 +0009735 +0008859 -0070582 -0070355
2019-3-31 18:28:48 +0010582 +0009729 +0010222 +0011701 +0009212 +0006754 +0009649 +0009008 +0005693 +0009879 +0009732 +0008859 -0070584 -0070353
2019-3-31 19:00:01 +0010585 +0009732 +0010225 +0011704 +0009214 +0006752 +0009653 +0009010 +0005693 +0009886 +0009737 +0008861 -0070583 -0070351
2019-3-31 19:31:14 +0010586 +0009733 +0010225 +0011704 +0009214 +0006753 +0009654 +0009011 +0005694 +0009886 +0009736 +0008862 -0070582 -0070351
2019-3-31 20:02:27 +0010583 +0009733 +0010224 +0011703 +0009214 +0006750 +0009651 +0009008 +0005692 +0009884 +0009737 +0008861 -0070583 -0070357
2019-3-31 20:33:40 +0010585 +0009735 +0010226 +0011705 +0009214 +0006753 +0009653 +0009010 +0005694 +0009886 +0009738 +0008862 -0070581 -0070351
2019-3-31 21:04:53 +0010587 +0009735 +0010227 +0011706 +0009214 +0006753 +0009652 +0009012 +0005694 +0009887 +0009738 +0008865 -0070581 -0070355
2019-3-31 21:36:06 +0010586 +0009736 +0010227 +0011705 +0009214 +0006754 +0009652 +0009009 +0005695 +0009886 +0009739 +0008865 -0070581 -0070354
2019-3-31 22:07:18 +0010586 +0009735 +0010227 +0011703 +0009216 +0006751 +0009652 +0009010 +0005694 +0009886 +0009738 +0008862 -0070580 -0070354
2019-3-31 22:38:31 +0010588 +0009735 +0010228 +0011704 +0009214 +0006753 +0009654 +0009011 +0005696 +0009888 +0009739 +0008865 -0070583 -0070355
2019-3-31 23:09:44 +0010590 +0009738 +0010231 +0011706 +0009218 +0006751 +0009655 +0009014 +0005696 +0009891 +0009743 +0008869 -0070583 -0070358
2019-3-31 23:40:57 +0010589 +0009739 +0010231 +0011709 +0009216 +0006755 +0009655 +0009012 +0005694 +0009891 +0009740 +0008868 -0070581 -0070359
2019-4-1 0:43:23 +0010592 +0009742 +0010233 +0011712 +0009221 +0006753 +0009659 +0009017 +0005699 +0009894 +0009744 +0008873 -0070579 -0070353
2019-4-1 1:14:36 +0010595 +0009742 +0010234 +0011711 +0009218 +0006754 +0009656 +0009015 +0005696 +0009893 +0009742 +0008869 -0070582 -0070359
2019-4-1 1:45:49 +0010595 +0009743 +0010233 +0011712 +0009218 +0006755 +0009656 +0009016 +0005697 +0009896 +0009744 +0008871 -0070554 -0070319
2019-4-1 2:17:01 +0010597 +0009743 +0010236 +0011712 +0009219 +0006755 +0009656 +0009014 +0005696 +0009895 +0009746 +0008871 -0070576 -0070332
2019-4-1 2:48:14 +0010597 +0009747 +0010240 +0011715 +0009221 +0006755 +0009659 +0009018 +0005698 +0009895 +0009747 +0008874 -0070577 -0070345
2019-4-1 3:19:27 +0010601 +0009748 +0010241 +0011715 +0009222 +0006756 +0009660 +0009021 +0005699 +0009898 +0009747 +0008874 -0070579 -0070344
2019-4-1 3:50:40 +0010600 +0009750 +0010241 +0011716 +0009221 +0006756 +0009659 +0009017 +0005699 +0009898 +0009747 +0008875 -0070578 -0070355
2019-4-1 4:21:53 +0010602 +0009752 +0010242 +0011717 +0009224 +0006756 +0009661 +0009021 +0005699 +0009900 +0009750 +0008877 -0070579 -0070353
2019-4-1 4:53:06 +0010603 +0009751 +0010243 +0011718 +0009222 +0006755 +0009663 +0009020 +0005699 +0009899 +0009749 +0008876 -0070579 -0070353
2019-4-1 5:24:19 +0010604 +0009752 +0010243 +0011718 +0009224 +0006757 +0009661 +0009021 +0005700 +0009901 +0009751 +0008876 -0070579 -0070355
2019-4-1 5:55:32 +0010608 +0009755 +0010247 +0011720 +0009226 +0006758 +0009664 +0009024 +0005702 +0009901 +0009753 +0008881 -0070577 -0070352
2019-4-1 6:26:44 +0010605 +0009755 +0010245 +0011720 +0009224 +0006758 +0009663 +0009022 +0005701 +0009902 +0009753 +0008879 -0070579 -0070353
2019-4-1 6:57:57 +0010609 +0009757 +0010247 +0011723 +0009227 +0006758 +0009663 +0009023 +0005701 +0009904 +0009752 +0008881 -0070579 -0070357
2019-4-1 7:29:10 +0010609 +0009757 +0010248 +0011723 +0009228 +0006759 +0009667 +0009025 +0005704 +0009907 +0009754 +0008881 -0070576 -0070354
2019-4-1 8:00:23 +0010608 +0009758 +0010248 +0011723 +0009227 +0006758 +0009664 +0009024 +0005699 +0009905 +0009754 +0008882 -0070580 -0070358
2019-4-1 8:31:36 +0010611 +0009761 +0010249 +0011724 +0009229 +0006755 +0009667 +0009025 +0005699 +0009908 +0009757 +0008883 -0070580 -0070357
2019-4-1 9:02:49 +0010614 +0009762 +0010252 +0011726 +0009230 +0006758 +0009667 +0009028 +0005704 +0009910 +0009758 +0008888 -0070576 -0070359
2019-4-1 9:34:02 +0010613 +0009763 +0010254 +0011728 +0009231 +0006760 +0009668 +0009029 +0005701 +0009912 +0009759 +0008886 -0070577 -0070356
2019-4-1 10:05:15 +0010614 +0009764 +0010254 +0011728 +0009233 +0006758 +0009669 +0009029 +0005701 +0009910 +0009760 +0008887 -0070579 -0070354
2019-4-1 10:36:27 +0010615 +0009765 +0010255 +0011729 +0009232 +0006760 +0009670 +0009029 +0005702 +0009913 +0009761 +0008889 -0070576 -0070357
2019-4-1 11:07:40 +0010618 +0009768 +0010256 +0011731 +0009233 +0006761 +0009670 +0009030 +0005704 +0009912 +0009762 +0008892 -0070577 -0070354
2019-4-1 11:38:53 +0010619 +0009768 +0010258 +0011731 +0009231 +0006761 +0009670 +0009031 +0005704 +0009915 +0009762 +0008891 -0070579 -0070358
2019-4-1 12:10:06 +0010619 +0009767 +0010259 +0011731 +0009232 +0006759 +0009671 +0009030 +0005703 +0009915 +0009764 +0008889 -0070580 -0070358
2019-4-1 12:41:19 +0010623 +0009771 +0010261 +0011733 +0009236 +0006761 +0009671 +0009034 +0005705 +0009918 +0009765 +0008892 -0070579 -0070354
2019-4-1 13:12:32 +0010622 +0009771 +0010260 +0011734 +0009235 +0006763 +0009672 +0009031 +0005705 +0009916 +0009764 +0008893 -0070579 -0070355
2019-4-1 13:43:45 +0010625 +0009774 +0010264 +0011738 +0009236 +0006762 +0009674 +0009036 +0005705 +0009917 +0009766 +0008895 -0070575 -0070353
2019-4-1 14:14:57 +0010628 +0009776 +0010266 +0011740 +0009238 +0006765 +0009675 +0009035 +0005708 +0009921 +0009768 +0008898 -0070576 -0070351
2019-4-1 14:46:10 +0010625 +0009777 +0010266 +0011738 +0009237 +0006763 +0009672 +0009031 +0005704 +0009921 +0009764 +0008895 -0070568 -0070329
2019-4-1 15:17:23 +0010629 +0009778 +0010267 +0011742 +0009236 +0006762 +0009674 +0009035 +0005706 +0009919 +0009766 +0008898 -0070577 -0070340
2019-4-1 15:48:36 +0010633 +0009778 +0010270 +0011742 +0009238 +0006765 +0009676 +0009036 +0005708 +0009920 +0009768 +0008898 -0070578 -0070349
2019-4-1 16:19:49 +0010632 +0009782 +0010271 +0011746 +0009239 +0006766 +0009676 +0009036 +0005708 +0009923 +0009769 +0008901 -0070576 -0070351
2019-4-1 16:51:02 +0010634 +0009781 +0010271 +0011744 +0009239 +0006765 +0009676 +0009037 +0005710 +0009922 +0009770 +0008899 -0070578 -0070352
2019-4-1 17:22:15 +0010636 +0009785 +0010276 +0011747 +0009241 +0006770 +0009679 +0009039 +0005710 +0009923 +0009773 +0008902 -0070572 -0070351
2019-4-1 17:53:28 +0010635 +0009784 +0010274 +0011746 +0009240 +0006768 +0009679 +0009039 +0005710 +0009925 +0009773 +0008904 -0070576 -0070349
2019-4-1 18:24:40 +0010635 +0009785 +0010275 +0011747 +0009240 +0006766 +0009678 +0009039 +0005710 +0009924 +0009770 +0008903 -0070578 -0070353
2019-4-1 18:55:53 +0010637 +0009786 +0010276 +0011748 +0009241 +0006768 +0009678 +0009040 +0005710 +0009926 +0009772 +0008902 -0070576 -0070356
2019-4-1 19:27:06 +0010642 +0009790 +0010279 +0011750 +0009243 +0006769 +0009683 +0009042 +0005711 +0009928 +0009775 +0008905 -0070576 -0070355
2019-4-1 19:58:19 +0010639 +0009790 +0010278 +0011748 +0009240 +0006766 +0009679 +0009039 +0005710 +0009927 +0009773 +0008904 -0070578 -0070358
2019-4-1 20:29:32 +0010641 +0009789 +0010278 +0011750 +0009242 +0006769 +0009682 +0009042 +0005713 +0009930 +0009776 +0008907 -0070576 -0070358
2019-4-1 21:00:45 +0010641 +0009791 +0010279 +0011749 +0009243 +0006767 +0009680 +0009041 +0005710 +0009930 +0009775 +0008906 -0070578 -0070360
2019-4-1 21:31:58 +0010641 +0009792 +0010280 +0011751 +0009242 +0006769 +0009680 +0009042 +0005710 +0009929 +0009776 +0008908 -0070577 -0070353
2019-4-1 22:03:10 +0010643 +0009795 +0010283 +0011755 +0009248 +0006770 +0009685 +0009045 +0005714 +0009933 +0009780 +0008911 -0070573 -0070351
2019-4-1 22:34:23 +0010643 +0009795 +0010283 +0011755 +0009247 +0006773 +0009682 +0009043 +0005713 +0009934 +0009778 +0008909 -0070575 -0070355
2019-4-1 23:05:36 +0010643 +0009794 +0010282 +0011752 +0009246 +0006767 +0009682 +0009043 +0005712 +0009933 +0009776 +0008909 -0070578 -0070356
2019-4-1 23:36:49 +0010645 +0009795 +0010283 +0011754 +0009247 +0006768 +0009684 +0009045 +0005712 +0009934 +0009781 +0008912 -0070574 -0070358
2019-4-2 0:08:02 +0010647 +0009797 +0010284 +0011755 +0009246 +0006770 +0009683 +0009045 +0005710 +0009934 +0009779 +0008911 -0070577 -0070358
2019-4-2 0:39:15 +0010645 +0009796 +0010286 +0011754 +0009246 +0006770 +0009683 +0009045 +0005712 +0009933 +0009779 +0008910 -0070576 -0070355
2019-4-2 1:10:28 +0010646 +0009795 +0010283 +0011755 +0009242 +0006768 +0009682 +0009042 +0005710 +0009933 +0009777 +0008909 -0070577 -0070356
2019-4-2 1:41:41 +0010648 +0009798 +0010287 +0011755 +0009244 +0006772 +0009683 +0009043 +0005712 +0009935 +0009778 +0008910 -0070576 -0070355
2019-4-2 2:12:53 +0010650 +0009799 +0010288 +0011758 +0009248 +0006770 +0009685 +0009046 +0005714 +0009938 +0009781 +0008912 -0070574 -0070356
2019-4-2 2:44:06 +0010650 +0009799 +0010290 +0011757 +0009246 +0006773 +0009686 +0009046 +0005717 +0009938 +0009784 +0008916 -0070572 -0070353
2019-4-2 3:15:19 +0010644 +0009797 +0010286 +0011759 +0009246 +0006773 +0009680 +0009044 +0005712 +0009935 +0009779 +0008912 -0070434 -0070287
2019-4-2 3:46:32 +0010655 +0009803 +0010293 +0011763 +0009249 +0006774 +0009687 +0009048 +0005716 +0009939 +0009785 +0008918 -0070567 -0070331
2019-4-2 4:17:45 +0010657 +0009806 +0010296 +0011764 +0009250 +0006775 +0009686 +0009050 +0005717 +0009941 +0009783 +0008917 -0070571 -0070337
2019-4-2 4:48:58 +0010656 +0009804 +0010293 +0011761 +0009248 +0006775 +0009688 +0009049 +0005716 +0009939 +0009784 +0008918 -0070575 -0070347
2019-4-2 5:20:11 +0010661 +0009808 +0010298 +0011765 +0009252 +0006775 +0009689 +0009050 +0005717 +0009941 +0009786 +0008918 -0070570 -0070346
2019-4-2 5:51:23 +0010660 +0009811 +0010298 +0011766 +0009250 +0006775 +0009689 +0009052 +0005718 +0009944 +0009787 +0008919 -0070574 -0070350
2019-4-2 6:22:36 +0010661 +0009811 +0010297 +0011767 +0009250 +0006774 +0009691 +0009050 +0005717 +0009942 +0009786 +0008920 -0070573 -0070351
2019-4-2 6:53:49 +0010662 +0009813 +0010301 +0011768 +0009252 +0006775 +0009691 +0009052 +0005719 +0009945 +0009789 +0008922 -0070572 -0070349
2019-4-2 7:25:02 +0010664 +0009812 +0010302 +0011769 +0009253 +0006778 +0009690 +0009053 +0005718 +0009944 +0009789 +0008920 -0070571 -0070350
2019-4-2 7:56:15 +0010665 +0009814 +0010302 +0011770 +0009254 +0006777 +0009691 +0009054 +0005718 +0009946 +0009790 +0008922 -0070571 -0070351
2019-4-2 8:27:28 +0010665 +0009815 +0010303 +0011770 +0009254 +0006779 +0009694 +0009055 +0005720 +0009947 +0009792 +0008924 -0070573 -0070352
2019-4-2 8:58:41 +0010666 +0009815 +0010302 +0011770 +0009255 +0006777 +0009694 +0009054 +0005720 +0009949 +0009791 +0008923 -0070569 -0070353
2019-4-2 9:29:54 +0010666 +0009816 +0010304 +0011770 +0009254 +0006777 +0009692 +0009055 +0005720 +0009949 +0009792 +0008925 -0070569 -0070351
2019-4-2 10:01:06 +0010666 +0009814 +0010304 +0011770 +0009254 +0006777 +0009691 +0009056 +0005718 +0009947 +0009790 +0008923 -0070571 -0070350
2019-4-2 10:32:19 +0010669 +0009817 +0010308 +0011772 +0009258 +0006778 +0009694 +0009056 +0005721 +0009951 +0009795 +0008927 -0070569 -0070351
2019-4-2 11:03:32 +0010668 +0009818 +0010306 +0011772 +0009252 +0006778 +0009691 +0009055 +0005720 +0009950 +0009794 +0008925 -0070570 -0070351
2019-4-2 11:34:45 +0010673 +0009823 +0010311 +0011777 +0009260 +0006780 +0009696 +0009060 +0005723 +0009954 +0009798 +0008930 -0070570 -0070350
2019-4-2 12:05:58 +0010675 +0009824 +0010312 +0011781 +0009262 +0006779 +0009700 +0009062 +0005721 +0009956 +0009799 +0008932 -0070568 -0070353
2019-4-2 12:37:11 +0010676 +0009826 +0010314 +0011782 +0009261 +0006780 +0009699 +0009063 +0005722 +0009957 +0009801 +0008934 -0070570 -0070351
2019-4-2 13:08:24 +0010677 +0009826 +0010313 +0011781 +0009258 +0006780 +0009697 +0009060 +0005721 +0009955 +0009796 +0008931 -0070571 -0070351
2019-4-2 13:39:37 +0010677 +0009827 +0010316 +0011781 +0009261 +0006782 +0009699 +0009063 +0005722 +0009956 +0009799 +0008932 -0070570 -0070349
2019-4-2 14:10:49 +0010681 +0009833 +0010319 +0011784 +0009265 +0006782 +0009702 +0009064 +0005726 +0009959 +0009801 +0008937 -0070568 -0070345
2019-4-2 14:42:02 +0010683 +0009834 +0010320 +0011787 +0009263 +0006785 +0009701 +0009065 +0005725 +0009959 +0009803 +0008940 -0070566 -0070346
2019-4-2 15:13:15 +0010684 +0009835 +0010319 +0011786 +0009264 +0006785 +0009701 +0009064 +0005727 +0009961 +0009802 +0008938 -0070567 -0070347
2019-4-2 15:44:28 +0010685 +0009835 +0010324 +0011788 +0009263 +0006787 +0009703 +0009066 +0005727 +0009961 +0009803 +0008936 -0070566 -0070345
2019-4-2 16:15:41 +0010690 +0009838 +0010326 +0011793 +0009266 +0006787 +0009705 +0009068 +0005725 +0009964 +0009806 +0008941 -0070539 -0070313
2019-4-2 16:46:54 +0010688 +0009836 +0010324 +0011790 +0009263 +0006787 +0009703 +0009065 +0005725 +0009962 +0009803 +0008942 -0070566 -0070334
2019-4-2 17:18:07 +0010687 +0009838 +0010325 +0011790 +0009264 +0006787 +0009703 +0009065 +0005726 +0009961 +0009805 +0008940 -0070571 -0070339
2019-4-2 17:49:20 +0010692 +0009841 +0010329 +0011793 +0009266 +0006789 +0009704 +0009068 +0005727 +0009965 +0009806 +0008941 -0070566 -0070336
2019-4-2 18:20:32 +0010694 +0009842 +0010330 +0011793 +0009266 +0006787 +0009706 +0009070 +0005727 +0009965 +0009808 +0008942 -0070563 -0070338
2019-4-2 18:51:45 +0010692 +0009844 +0010331 +0011795 +0009265 +0006788 +0009706 +0009069 +0005729 +0009965 +0009807 +0008943 -0070567 -0070343
2019-4-2 19:22:58 +0010692 +0009842 +0010328 +0011795 +0009264 +0006789 +0009705 +0009067 +0005727 +0009963 +0009805 +0008943 -0070567 -0070348
2019-4-2 19:54:11 +0010693 +0009844 +0010332 +0011795 +0009267 +0006791 +0009705 +0009069 +0005729 +0009965 +0009809 +0008942 -0070565 -0070344
2019-4-2 20:25:24 +0010694 +0009843 +0010332 +0011796 +0009267 +0006789 +0009705 +0009068 +0005728 +0009966 +0009807 +0008944 -0070566 -0070348
2019-4-2 20:56:37 +0010693 +0009844 +0010331 +0011793 +0009264 +0006789 +0009705 +0009067 +0005727 +0009967 +0009808 +0008942 -0070566 -0070349
2019-4-2 21:27:50 +0010693 +0009845 +0010331 +0011795 +0009267 +0006787 +0009706 +0009068 +0005730 +0009968 +0009810 +0008943 -0070566 -0070346
2019-4-2 21:59:03 +0010699 +0009849 +0010335 +0011798 +0009272 +0006789 +0009708 +0009073 +0005729 +0009970 +0009813 +0008948 -0070563 -0070346
2019-4-2 22:30:15 +0010701 +0009853 +0010340 +0011802 +0009275 +0006792 +0009712 +0009078 +0005732 +0009973 +0009816 +0008951 -0070563 -0070343
2019-4-2 23:01:28 +0010702 +0009852 +0010341 +0011803 +0009275 +0006791 +0009712 +0009075 +0005731 +0009973 +0009817 +0008952 -0070565 -0070348
2019-4-2 23:32:41 +0010703 +0009854 +0010339 +0011802 +0009275 +0006791 +0009712 +0009075 +0005730 +0009975 +0009816 +0008951 -0070562 -0070347
2019-4-3 0:03:54 +0010703 +0009854 +0010340 +0011804 +0009276 +0006790 +0009712 +0009076 +0005730 +0009974 +0009817 +0008952 -0070563 -0070346
2019-4-3 0:35:07 +0010701 +0009852 +0010338 +0011801 +0009272 +0006790 +0009709 +0009073 +0005728 +0009973 +0009816 +0008951 -0070568 -0070352
2019-4-3 1:06:20 +0010703 +0009852 +0010339 +0011802 +0009271 +0006789 +0009708 +0009074 +0005728 +0009972 +0009816 +0008951 -0070566 -0070347
2019-4-3 1:37:33 +0010705 +0009857 +0010344 +0011807 +0009275 +0006793 +0009712 +0009075 +0005733 +0009977 +0009817 +0008955 -0070561 -0070340
2019-4-3 2:08:45 +0010704 +0009855 +0010342 +0011805 +0009274 +0006792 +0009712 +0009076 +0005730 +0009976 +0009818 +0008952 -0070564 -0070348
2019-4-3 2:39:58 +0010707 +0009860 +0010344 +0011808 +0009274 +0006792 +0009713 +0009077 +0005731 +0009977 +0009819 +0008955 -0070561 -0070345
2019-4-3 3:11:11 +0010710 +0009861 +0010347 +0011809 +0009278 +0006794 +0009716 +0009080 +0005734 +0009979 +0009821 +0008957 -0070561 -0070342
2019-4-3 3:42:24 +0010712 +0009861 +0010348 +0011809 +0009275 +0006794 +0009716 +0009081 +0005735 +0009980 +0009823 +0008959 -0070561 -0070344
2019-4-3 4:13:37 +0010712 +0009861 +0010349 +0011810 +0009275 +0006793 +0009714 +0009080 +0005732 +0009981 +0009821 +0008956 -0070561 -0070346
2019-4-3 4:44:50 +0010716 +0009866 +0010353 +0011813 +0009279 +0006795 +0009718 +0009084 +0005736 +0009984 +0009824 +0008961 -0070559 -0070340
2019-4-3 5:16:03 +0010716 +0009866 +0010353 +0011814 +0009277 +0006796 +0009716 +0009081 +0005735 +0009982 +0009823 +0008958 -0070549 -0070315
2019-4-3 5:47:16 +0010716 +0009867 +0010353 +0011814 +0009279 +0006794 +0009720 +0009083 +0005735 +0009986 +0009824 +0008964 -0070559 -0070323
2019-4-3 6:18:28 +0010716 +0009868 +0010354 +0011813 +0009280 +0006794 +0009717 +0009082 +0005735 +0009985 +0009824 +0008963 -0070561 -0070333
2019-4-3 6:49:41 +0010719 +0009871 +0010356 +0011818 +0009280 +0006797 +0009718 +0009086 +0005737 +0009987 +0009826 +0008966 -0070559 -0070334
2019-4-3 7:20:54 +0010720 +0009870 +0010357 +0011818 +0009282 +0006796 +0009719 +0009085 +0005735 +0009987 +0009827 +0008965 -0070561 -0070339
2019-4-3 7:52:07 +0010722 +0009874 +0010359 +0011817 +0009284 +0006798 +0009722 +0009087 +0005736 +0009989 +0009829 +0008967 -0070556 -0070338
2019-4-3 8:23:20 +0010722 +0009873 +0010360 +0011817 +0009281 +0006796 +0009722 +0009086 +0005735 +0009989 +0009830 +0008968 -0070561 -0070346
2019-4-3 8:54:33 +0010722 +0009874 +0010358 +0011821 +0009283 +0006796 +0009722 +0009086 +0005738 +0009990 +0009829 +0008968 -0070560 -0070339
2019-4-3 9:25:46 +0010723 +0009875 +0010360 +0011821 +0009284 +0006796 +0009723 +0009088 +0005735 +0009991 +0009831 +0008967 -0070560 -0070340
2019-4-3 9:56:59 +0010726 +0009876 +0010361 +0011822 +0009285 +0006797 +0009725 +0009089 +0005735 +0009994 +0009832 +0008972 -0070558 -0070338
2019-4-3 10:28:11 +0010728 +0009877 +0010363 +0011825 +0009288 +0006797 +0009725 +0009092 +0005738 +0009996 +0009834 +0008975 -0070557 -0070337
2019-4-3 10:59:24 +0010728 +0009878 +0010364 +0011823 +0009289 +0006796 +0009727 +0009091 +0005738 +0009997 +0009835 +0008973 -0070558 -0070338
2019-4-3 11:30:37 +0010726 +0009877 +0010363 +0011822 +0009287 +0006795 +0009726 +0009090 +0005737 +0009995 +0009833 +0008972 -0070560 -0070337
2019-4-3 12:01:50 +0010733 +0009883 +0010366 +0011825 +0009289 +0006797 +0009730 +0009092 +0005738 +0010000 +0009838 +0008976 -0070558 -0070339
2019-4-3 12:33:03 +0010733 +0009883 +0010369 +0011829 +0009289 +0006797 +0009730 +0009093 +0005738 +0010000 +0009839 +0008977 -0070558 -0070344
2019-4-3 13:04:16 +0010733 +0009884 +0010370 +0011829 +0009291 +0006797 +0009731 +0009097 +0005739 +0010001 +0009838 +0008977 -0070561 -0070340
2019-4-3 13:35:29 +0010737 +0009889 +0010374 +0011832 +0009294 +0006800 +0009732 +0009098 +0005741 +0010003 +0009843 +0008981 -0070556 -0070335
2019-4-3 14:06:41 +0010739 +0009889 +0010373 +0011832 +0009293 +0006799 +0009732 +0009097 +0005740 +0010004 +0009841 +0008980 -0070559 -0070338
2019-4-3 14:37:54 +0010741 +0009891 +0010375 +0011834 +0009296 +0006803 +0009733 +0009098 +0005744 +0010005 +0009844 +0008982 -0070558 -0070339
2019-4-3 15:09:07 +0010738 +0009889 +0010375 +0011832 +0009292 +0006799 +0009731 +0009098 +0005741 +0010003 +0009842 +0008980 -0070558 -0070342
2019-4-3 15:40:20 +0010741 +0009892 +0010377 +0011835 +0009295 +0006801 +0009733 +0009099 +0005743 +0010005 +0009844 +0008982 -0070553 -0070332
2019-4-3 16:11:33 +0010746 +0009897 +0010382 +0011840 +0009299 +0006805 +0009737 +0009103 +0005745 +0010007 +0009845 +0008987 -0070555 -0070336
2019-4-3 16:42:46 +0010747 +0009900 +0010383 +0011841 +0009296 +0006806 +0009738 +0009104 +0005744 +0010010 +0009849 +0008987 -0070552 -0070336
2019-4-3 17:13:59 +0010746 +0009897 +0010382 +0011840 +0009295 +0006801 +0009736 +0009101 +0005744 +0010007 +0009846 +0008986 -0070557 -0070336
2019-4-3 17:45:12 +0010744 +0009894 +0010378 +0011841 +0009298 +0006802 +0009734 +0009100 +0005742 +0010010 +0009846 +0008988 -0070417 -0070272
2019-4-3 18:16:25 +0010752 +0009904 +0010388 +0011845 +0009300 +0006805 +0009738 +0009104 +0005747 +0010012 +0009849 +0008989 -0070550 -0070310
2019-4-3 18:47:37 +0010752 +0009902 +0010389 +0011844 +0009298 +0006803 +0009737 +0009104 +0005743 +0010011 +0009848 +0008989 -0070554 -0070320
2019-4-3 19:18:50 +0010753 +0009905 +0010389 +0011846 +0009301 +0006807 +0009741 +0009106 +0005746 +0010014 +0009851 +0008989 -0070553 -0070325
2019-4-3 19:50:03 +0010755 +0009903 +0010388 +0011846 +0009301 +0006806 +0009740 +0009106 +0005744 +0010015 +0009850 +0008990 -0070553 -0070327
2019-4-3 20:21:16 +0010757 +0009906 +0010393 +0011849 +0009303 +0006807 +0009743 +0009107 +0005745 +0010015 +0009853 +0008992 -0070551 -0070329
2019-4-3 20:52:29 +0010757 +0009909 +0010391 +0011848 +0009302 +0006806 +0009742 +0009108 +0005744 +0010018 +0009853 +0008993 -0070553 -0070329
2019-4-3 21:23:42 +0010758 +0009907 +0010394 +0011849 +0009302 +0006806 +0009743 +0009108 +0005747 +0010016 +0009854 +0008995 -0070553 -0070329
2019-4-3 21:54:55 +0010757 +0009909 +0010392 +0011852 +0009303 +0006806 +0009743 +0009109 +0005745 +0010018 +0009855 +0008993 -0070553 -0070330
2019-4-3 22:26:07 +0010759 +0009910 +0010395 +0011850 +0009304 +0006806 +0009744 +0009110 +0005747 +0010019 +0009855 +0008998 -0070552 -0070328
2019-4-3 22:57:20 +0010760 +0009911 +0010395 +0011852 +0009305 +0006807 +0009745 +0009111 +0005745 +0010021 +0009856 +0008997 -0070552 -0070331
2019-4-3 23:28:33 +0010764 +0009914 +0010396 +0011854 +0009308 +0006809 +0009746 +0009113 +0005750 +0010022 +0009860 +0008998 -0070551 -0070328
2019-4-3 23:59:46 +0010763 +0009912 +0010400 +0011853 +0009308 +0006807 +0009746 +0009112 +0005747 +0010021 +0009857 +0008999 -0070553 -0070333
2019-4-4 0:30:59 +0010764 +0009915 +0010398 +0011854 +0009306 +0006807 +0009747 +0009111 +0005747 +0010022 +0009860 +0008998 -0070550 -0070327
2019-4-4 1:02:12 +0010764 +0009916 +0010399 +0011854 +0009307 +0006808 +0009747 +0009115 +0005747 +0010024 +0009860 +0009001 -0070550 -0070330
2019-4-4 1:33:25 +0010765 +0009918 +0010399 +0011854 +0009308 +0006808 +0009745 +0009112 +0005748 +0010023 +0009858 +0009000 -0070552 -0070331
2019-4-4 2:04:38 +0010770 +0009920 +0010403 +0011857 +0009310 +0006810 +0009751 +0009116 +0005749 +0010025 +0009860 +0009003 -0070548 -0070328
2019-4-4 2:35:50 +0010769 +0009919 +0010404 +0011858 +0009311 +0006809 +0009748 +0009115 +0005748 +0010026 +0009861 +0009003 -0070550 -0070327
2019-4-4 3:07:03 +0010770 +0009923 +0010407 +0011860 +0009310 +0006811 +0009751 +0009118 +0005750 +0010029 +0009863 +0009005 -0070547 -0070325
2019-4-4 3:38:16 +0010772 +0009923 +0010405 +0011861 +0009311 +0006813 +0009751 +0009116 +0005749 +0010029 +0009862 +0009005 -0070550 -0070334
2019-4-4 4:09:29 +0010773 +0009926 +0010409 +0011865 +0009310 +0006813 +0009751 +0009118 +0005751 +0010030 +0009864 +0009007 -0070548 -0070330
2019-4-4 4:40:42 +0010775 +0009927 +0010410 +0011865 +0009312 +0006813 +0009753 +0009119 +0005752 +0010033 +0009866 +0009007 -0070545 -0070325
2019-4-4 5:11:55 +0010776 +0009929 +0010412 +0011866 +0009315 +0006815 +0009755 +0009120 +0005754 +0010033 +0009869 +0009009 -0070546 -0070326
2019-4-4 5:43:08 +0010780 +0009930 +0010415 +0011870 +0009315 +0006814 +0009757 +0009121 +0005752 +0010034 +0009870 +0009011 -0070545 -0070325
2019-4-4 6:14:20 +0010781 +0009932 +0010415 +0011867 +0009314 +0006815 +0009757 +0009121 +0005753 +0010035 +0009869 +0009010 -0070548 -0070328
2019-4-4 6:45:33 +0010777 +0009929 +0010412 +0011868 +0009312 +0006813 +0009752 +0009120 +0005752 +0010033 +0009865 +0009010 -0070520 -0070292
2019-4-4 7:16:46 +0010780 +0009931 +0010415 +0011868 +0009315 +0006815 +0009754 +0009122 +0005754 +0010033 +0009869 +0009010 -0070543 -0070303
2019-4-4 7:47:59 +0010780 +0009932 +0010415 +0011868 +0009314 +0006816 +0009755 +0009122 +0005754 +0010034 +0009869 +0009011 -0070543 -0070309
2019-4-4 8:19:12 +0010782 +0009932 +0010417 +0011870 +0009315 +0006814 +0009757 +0009121 +0005753 +0010036 +0009871 +0009012 -0070546 -0070321
2019-4-4 8:50:25 +0010782 +0009935 +0010418 +0011870 +0009316 +0006816 +0009758 +0009122 +0005753 +0010036 +0009874 +0009014 -0070545 -0070318
2019-4-4 9:21:38 +0010787 +0009939 +0010422 +0011874 +0009319 +0006814 +0009759 +0009127 +0005754 +0010041 +0009874 +0009019 -0070544 -0070321
2019-4-4 9:52:51 +0010785 +0009938 +0010421 +0011876 +0009321 +0006816 +0009760 +0009126 +0005753 +0010040 +0009874 +0009019 -0070545 -0070321
2019-4-4 10:24:04 +0010790 +0009940 +0010424 +0011877 +0009322 +0006816 +0009763 +0009128 +0005755 +0010043 +0009876 +0009020 -0070542 -0070317
2019-4-4 10:55:16 +0010786 +0009937 +0010419 +0011873 +0009318 +0006813 +0009759 +0009124 +0005753 +0010042 +0009874 +0009017 -0070546 -0070321
2019-4-4 11:26:29 +0010790 +0009939 +0010423 +0011877 +0009319 +0006816 +0009761 +0009127 +0005757 +0010042 +0009875 +0009020 -0070543 -0070319
2019-4-4 11:57:42 +0010793 +0009944 +0010426 +0011880 +0009322 +0006817 +0009763 +0009131 +0005755 +0010044 +0009877 +0009020 -0070543 -0070327
2019-4-4 12:28:55 +0010791 +0009945 +0010428 +0011879 +0009322 +0006816 +0009763 +0009130 +0005754 +0010043 +0009877 +0009019 -0070544 -0070323
2019-4-4 13:00:08 +0010793 +0009945 +0010428 +0011879 +0009324 +0006816 +0009764 +0009128 +0005755 +0010046 +0009878 +0009021 -0070544 -0070326
2019-4-4 13:31:21 +0010798 +0009949 +0010432 +0011885 +0009325 +0006819 +0009767 +0009132 +0005757 +0010049 +0009882 +0009024 -0070546 -0070322
2019-4-4 14:02:34 +0010800 +0009953 +0010435 +0011887 +0009327 +0006823 +0009769 +0009136 +0005760 +0010052 +0009884 +0009028 -0070542 -0070322
2019-4-4 14:33:46 +0010804 +0009955 +0010438 +0011888 +0009331 +0006823 +0009771 +0009138 +0005759 +0010053 +0009888 +0009029 -0070536 -0070319
2019-4-4 15:04:59 +0010805 +0009957 +0010438 +0011889 +0009328 +0006822 +0009769 +0009136 +0005761 +0010052 +0009886 +0009031 -0070538 -0070318
2019-4-4 15:36:12 +0010805 +0009958 +0010438 +0011889 +0009328 +0006822 +0009770 +0009137 +0005758 +0010053 +0009886 +0009028 -0070542 -0070322
2019-4-4 16:07:25 +0010809 +0009963 +0010445 +0011894 +0009332 +0006825 +0009775 +0009141 +0005761 +0010057 +0009891 +0009032 -0070535 -0070320
2019-4-4 16:38:38 +0010809 +0009961 +0010444 +0011893 +0009331 +0006827 +0009773 +0009140 +0005762 +0010057 +0009889 +0009033 -0070538 -0070319
2019-4-4 17:09:51 +0010808 +0009960 +0010443 +0011892 +0009330 +0006823 +0009772 +0009137 +0005760 +0010056 +0009886 +0009031 -0070540 -0070318
2019-4-4 17:41:04 +0010812 +0009965 +0010447 +0011897 +0009333 +0006829 +0009776 +0009145 +0005762 +0010058 +0009892 +0009033 -0070537 -0070318
2019-4-4 18:12:16 +0010813 +0009965 +0010447 +0011896 +0009330 +0006827 +0009774 +0009139 +0005764 +0010056 +0009892 +0009035 -0070537 -0070314
2019-4-4 18:43:29 +0010813 +0009966 +0010446 +0011899 +0009332 +0006826 +0009775 +0009143 +0005762 +0010059 +0009891 +0009036 -0070538 -0070315
2019-4-4 19:14:42 +0010817 +0009971 +0010453 +0011902 +0009337 +0006828 +0009779 +0009145 +0005763 +0010063 +0009895 +0009039 -0070536 -0070320
2019-4-4 19:45:55 +0010818 +0009968 +0010452 +0011903 +0009334 +0006829 +0009776 +0009144 +0005764 +0010062 +0009893 +0009038 -0070526 -0070290
2019-4-4 20:17:08 +0010817 +0009968 +0010451 +0011901 +0009333 +0006826 +0009777 +0009144 +0005764 +0010062 +0009895 +0009040 -0070536 -0070302
2019-4-4 20:48:21 +0010821 +0009971 +0010454 +0011904 +0009337 +0006826 +0009778 +0009146 +0005765 +0010063 +0009897 +0009043 -0070534 -0070303
2019-4-4 21:19:34 +0010820 +0009971 +0010454 +0011903 +0009337 +0006829 +0009780 +0009147 +0005765 +0010063 +0009896 +0009040 -0070536 -0070306
2019-4-4 21:50:47 +0010824 +0009973 +0010457 +0011907 +0009338 +0006831 +0009781 +0009151 +0005768 +0010068 +0009902 +0009044 -0070531 -0070308
2019-4-4 22:22:00 +0010824 +0009974 +0010456 +0011908 +0009341 +0006830 +0009782 +0009150 +0005764 +0010071 +0009901 +0009048 -0070534 -0070309
2019-4-4 22:53:12 +0010823 +0009975 +0010458 +0011905 +0009340 +0006829 +0009780 +0009149 +0005764 +0010069 +0009901 +0009046 -0070535 -0070310
2019-4-4 23:24:25 +0010825 +0009977 +0010461 +0011908 +0009341 +0006827 +0009783 +0009153 +0005765 +0010070 +0009902 +0009047 -0070535 -0070315
2019-4-4 23:55:38 +0010827 +0009979 +0010460 +0011909 +0009343 +0006826 +0009783 +0009150 +0005764 +0010070 +0009901 +0009046 -0070535 -0070317
2019-4-5 0:26:51 +0010828 +0009980 +0010461 +0011911 +0009342 +0006827 +0009785 +0009152 +0005764 +0010074 +0009903 +0009048 -0070538 -0070318
2019-4-5 0:58:04 +0010832 +0009983 +0010464 +0011914 +0009347 +0006830 +0009788 +0009153 +0005766 +0010076 +0009907 +0009052 -0070531 -0070310
2019-4-5 1:29:17 +0010830 +0009982 +0010466 +0011916 +0009346 +0006831 +0009790 +0009156 +0005765 +0010077 +0009906 +0009053 -0070533 -0070312
2019-4-5 2:00:29 +0010832 +0009986 +0010466 +0011915 +0009346 +0006831 +0009789 +0009155 +0005768 +0010077 +0009907 +0009053 -0070534 -0070316
2019-4-5 2:31:42 +0010834 +0009985 +0010466 +0011914 +0009345 +0006828 +0009787 +0009157 +0005764 +0010077 +0009907 +0009055 -0070537 -0070315
2019-4-5 3:02:55 +0010837 +0009989 +0010469 +0011919 +0009348 +0006831 +0009791 +0009158 +0005767 +0010079 +0009911 +0009057 -0070533 -0070312
2019-4-5 3:34:08 +0010836 +0009989 +0010469 +0011918 +0009349 +0006829 +0009792 +0009160 +0005767 +0010080 +0009913 +0009058 -0070535 -0070314
2019-4-5 4:05:21 +0010838 +0009989 +0010471 +0011919 +0009350 +0006831 +0009791 +0009158 +0005766 +0010080 +0009913 +0009057 -0070534 -0070313
2019-4-5 4:36:34 +0010841 +0009993 +0010473 +0011922 +0009350 +0006835 +0009793 +0009163 +0005769 +0010082 +0009913 +0009061 -0070531 -0070313
2019-4-5 5:07:47 +0010840 +0009992 +0010475 +0011920 +0009351 +0006831 +0009793 +0009161 +0005767 +0010082 +0009915 +0009059 -0070534 -0070314
2019-4-5 5:39:00 +0010844 +0009999 +0010479 +0011925 +0009355 +0006833 +0009795 +0009164 +0005769 +0010086 +0009917 +0009062 -0070529 -0070306
2019-4-5 6:10:12 +0010842 +0009994 +0010476 +0011925 +0009352 +0006834 +0009796 +0009163 +0005769 +0010085 +0009916 +0009062 -0070532 -0070313
2019-4-5 6:41:25 +0010844 +0009999 +0010478 +0011926 +0009354 +0006834 +0009795 +0009164 +0005769 +0010088 +0009916 +0009064 -0070532 -0070309
2019-4-5 7:12:38 +0010845 +0010000 +0010479 +0011924 +0009354 +0006832 +0009796 +0009166 +0005769 +0010087 +0009918 +0009064 -0070532 -0070310
2019-4-5 7:43:51 +0010848 +0010000 +0010482 +0011928 +0009355 +0006834 +0009800 +0009165 +0005769 +0010089 +0009918 +0009066 -0070530 -0070314
2019-4-5 8:15:04 +0010841 +0009996 +0010476 +0011927 +0009354 +0006832 +0009794 +0009165 +0005768 +0010088 +0009918 +0009064 -0070397 -0070253
