2019-3-27 8:47:38 +0005794 +0006603 +0005851 +0005640 +0006441 +0003709 +0006282 +0005138 +0003202 +0007755 +0006841 +0006353 -0070262 -0070444
2019-3-27 8:49:43 +0005793 +0006603 +0005851 +0005639 +0006438 +0003708 +0006282 +0005138 +0003203 +0007755 +0006842 +0006352 -0070268 -0070439
2019-3-27 8:51:47 +0005795 +0006603 +0005850 +0005639 +0006440 +0003708 +0006284 +0005137 +0003203 +0007754 +0006841 +0006352 -0070268 -0070437
2019-3-27 8:58:23 +0005794 +0006604 +0005850 +0005639 +0006441 +0003708 +0006283 +0005137 +0003203 +0007755 +0006843 +0006354 -0070265 -0070442
2019-3-27 9:12:20 +0005793 +0006603 +0005850 +0005639 +0006440 +0003707 +0006283 +0005135 +0003202 +0007755 +0006841 +0006352 -0070267 -0070477
2019-3-27 9:18:14 +0005793 +0006603 +0005849 +0005639 +0006439 +0003707 +0006282 +0005135 +0003202 +0007754 +0006842 +0006352 -0070269 -0070471
2019-3-27 9:49:27 +0005795 +0006604 +0005852 +0005639 +0006441 +0003707 +0006284 +0005137 +0003204 +0007753 +0006843 +0006354 -0070269 -0070478
2019-3-27 10:20:40 +0005795 +0006604 +0005850 +0005638 +0006441 +0003709 +0006283 +0005137 +0003202 +0007756 +0006843 +0006354 -0070267 -0070479
2019-3-27 10:51:53 +0005795 +0006603 +0005850 +0005639 +0006443 +0003710 +0006284 +0005137 +0003202 +0007757 +0006845 +0006355 -0070268 -0070478
2019-3-27 11:23:06 +0005795 +0006605 +0005851 +0005639 +0006443 +0003711 +0006284 +0005137 +0003202 +0007756 +0006842 +0006354 -0070267 -0070478
2019-3-27 11:54:19 +0005795 +0006606 +0005850 +0005639 +0006443 +0003710 +0006287 +0005137 +0003205 +0007758 +0006845 +0006356 -0070266 -0070476
2019-3-27 12:25:32 +0005795 +0006605 +0005852 +0005638 +0006443 +0003712 +0006286 +0005138 +0003204 +0007757 +0006845 +0006356 -0070266 -0070475
2019-3-27 12:56:45 +0005796 +0006606 +0005850 +0005639 +0006442 +0003711 +0006284 +0005136 +0003203 +0007756 +0006842 +0006355 -0070267 -0070477
2019-3-27 13:27:57 +0005796 +0006607 +0005852 +0005638 +0006444 +0003714 +0006287 +0005135 +0003204 +0007758 +0006845 +0006356 -0070266 -0070477
2019-3-27 13:59:10 +0005796 +0006606 +0005849 +0005637 +0006442 +0003710 +0006284 +0005133 +0003202 +0007756 +0006843 +0006355 -0070268 -0070478
2019-3-27 14:30:23 +0005793 +0006604 +0005848 +0005636 +0006441 +0003709 +0006283 +0005132 +0003202 +0007756 +0006843 +0006354 -0070269 -0070479
2019-3-27 15:01:36 +0005790 +0006603 +0005847 +0005637 +0006443 +0003713 +0006285 +0005133 +0003204 +0007756 +0006844 +0006355 -0070169 -0070355
2019-3-27 15:32:49 +0005791 +0006604 +0005847 +0005637 +0006443 +0003713 +0006285 +0005134 +0003204 +0007757 +0006842 +0006356 -0070266 -0070447
2019-3-27 16:04:02 +0005791 +0006605 +0005848 +0005637 +0006444 +0003710 +0006286 +0005134 +0003203 +0007757 +0006843 +0006354 -0070266 -0070459
2019-3-27 16:35:15 +0005792 +0006605 +0005847 +0005636 +0006443 +0003712 +0006285 +0005134 +0003204 +0007757 +0006843 +0006354 -0070266 -0070466
2019-3-27 17:06:27 +0005793 +0006604 +0005848 +0005636 +0006445 +0003712 +0006285 +0005132 +0003205 +0007757 +0006843 +0006355 -0070268 -0070473
2019-3-27 17:37:40 +0005791 +0006603 +0005847 +0005635 +0006443 +0003713 +0006285 +0005132 +0003204 +0007757 +0006844 +0006357 -0070268 -0070472
2019-3-27 18:08:53 +0005792 +0006605 +0005848 +0005636 +0006443 +0003714 +0006285 +0005132 +0003205 +0007756 +0006844 +0006355 -0070268 -0070475
2019-3-28 11:55:25 +0005785 +0006604 +0005840 +0005625 +0006447 +0003722 +0006288 +0005119 +0003202 +0007757 +0006843 +0006360 -0070275 -0070484
2019-3-28 12:26:38 +0005787 +0006606 +0005842 +0005626 +0006450 +0003723 +0006290 +0005121 +0003205 +0007758 +0006845 +0006362 -0070271 -0070482
2019-3-28 12:57:51 +0005788 +0006607 +0005842 +0005628 +0006451 +0003727 +0006293 +0005124 +0003206 +0007761 +0006846 +0006364 -0070270 -0070480
2019-3-28 13:29:03 +0005788 +0006607 +0005843 +0005628 +0006452 +0003727 +0006290 +0005122 +0003207 +0007760 +0006846 +0006364 -0070270 -0070482
2019-3-28 14:00:16 +0005787 +0006606 +0005841 +0005626 +0006451 +0003726 +0006289 +0005120 +0003205 +0007759 +0006847 +0006365 -0070271 -0070481
2019-3-28 14:31:29 +0005784 +0006605 +0005842 +0005626 +0006451 +0003726 +0006291 +0005120 +0003206 +0007759 +0006846 +0006362 -0070146 -0070332
2019-3-28 15:02:42 +0005784 +0006605 +0005840 +0005624 +0006451 +0003727 +0006291 +0005120 +0003205 +0007759 +0006845 +0006363 -0070268 -0070453
2019-3-28 15:33:55 +0005784 +0006605 +0005840 +0005625 +0006451 +0003725 +0006291 +0005117 +0003204 +0007760 +0006845 +0006362 -0070270 -0070466
2019-3-28 16:05:08 +0005783 +0006604 +0005840 +0005624 +0006452 +0003725 +0006290 +0005119 +0003206 +0007759 +0006846 +0006363 -0070272 -0070472
2019-3-28 16:36:21 +0005785 +0006606 +0005841 +0005626 +0006451 +0003728 +0006292 +0005118 +0003207 +0007760 +0006846 +0006364 -0070271 -0070474
2019-3-28 17:07:34 +0005783 +0006604 +0005840 +0005624 +0006451 +0003726 +0006290 +0005119 +0003205 +0007758 +0006845 +0006366 -0070271 -0070478
2019-3-28 17:38:46 +0005785 +0006606 +0005840 +0005625 +0006454 +0003726 +0006292 +0005119 +0003206 +0007761 +0006846 +0006365 -0070270 -0070476
2019-3-28 18:09:59 +0005785 +0006605 +0005840 +0005623 +0006453 +0003728 +0006292 +0005117 +0003206 +0007760 +0006846 +0006365 -0070273 -0070480
2019-3-28 18:41:12 +0005784 +0006606 +0005840 +0005622 +0006453 +0003728 +0006293 +0005117 +0003206 +0007761 +0006846 +0006366 -0070272 -0070481
2019-3-28 19:12:25 +0005785 +0006607 +0005841 +0005625 +0006454 +0003728 +0006293 +0005119 +0003206 +0007761 +0006846 +0006366 -0070270 -0070480
2019-3-28 19:43:38 +0005785 +0006605 +0005839 +0005621 +0006452 +0003728 +0006292 +0005117 +0003206 +0007760 +0006845 +0006365 -0070272 -0070483
2019-3-28 20:14:51 +0005784 +0006606 +0005840 +0005623 +0006453 +0003729 +0006293 +0005117 +0003207 +0007760 +0006848 +0006366 -0070273 -0070483
2019-3-28 20:46:04 +0005784 +0006605 +0005837 +0005622 +0006453 +0003730 +0006293 +0005115 +0003206 +0007759 +0006846 +0006365 -0070273 -0070482
2019-3-28 21:17:16 +0005783 +0006607 +0005839 +0005622 +0006454 +0003730 +0006292 +0005115 +0003205 +0007762 +0006846 +0006364 -0070271 -0070485
2019-3-28 21:48:30 +0005783 +0006606 +0005837 +0005621 +0006453 +0003728 +0006293 +0005117 +0003205 +0007760 +0006845 +0006365 -0070274 -0070487
2019-3-28 22:19:42 +0005785 +0006607 +0005839 +0005622 +0006454 +0003731 +0006294 +0005115 +0003205 +0007761 +0006848 +0006367 -0070273 -0070484
2019-3-28 22:50:55 +0005783 +0006608 +0005839 +0005623 +0006456 +0003731 +0006294 +0005116 +0003207 +0007760 +0006847 +0006366 -0070272 -0070484
2019-3-28 23:22:08 +0005783 +0006606 +0005838 +0005622 +0006454 +0003730 +0006293 +0005114 +0003206 +0007760 +0006845 +0006366 -0070274 -0070486
2019-3-28 23:53:21 +0005784 +0006607 +0005838 +0005622 +0006454 +0003731 +0006293 +0005115 +0003207 +0007761 +0006848 +0006368 -0070273 -0070485
2019-3-29 0:24:34 +0005785 +0006608 +0005837 +0005622 +0006455 +0003732 +0006295 +0005117 +0003208 +0007763 +0006848 +0006369 -0070272 -0070483
2019-3-29 0:55:47 +0005783 +0006606 +0005839 +0005621 +0006455 +0003731 +0006294 +0005115 +0003207 +0007761 +0006847 +0006367 -0070276 -0070487
2019-3-29 1:27:00 +0005781 +0006606 +0005836 +0005618 +0006453 +0003730 +0006291 +0005112 +0003203 +0007761 +0006846 +0006365 -0070278 -0070490
2019-3-29 1:58:12 +0005783 +0006606 +0005837 +0005620 +0006454 +0003733 +0006294 +0005114 +0003206 +0007762 +0006848 +0006367 -0070274 -0070488
2019-3-29 2:29:25 +0005784 +0006608 +0005839 +0005621 +0006456 +0003734 +0006295 +0005114 +0003208 +0007762 +0006847 +0006369 -0070272 -0070486
2019-3-29 3:00:38 +0005783 +0006606 +0005839 +0005621 +0006455 +0003733 +0006294 +0005112 +0003205 +0007760 +0006847 +0006367 -0070275 -0070488
2019-3-29 3:31:51 +0005780 +0006606 +0005837 +0005619 +0006456 +0003733 +0006294 +0005113 +0003208 +0007761 +0006847 +0006368 -0070252 -0070439
2019-3-29 4:03:04 +0005783 +0006607 +0005838 +0005620 +0006457 +0003736 +0006295 +0005112 +0003207 +0007761 +0006847 +0006370 -0070271 -0070460
2019-3-29 4:34:17 +0005781 +0006607 +0005838 +0005619 +0006456 +0003736 +0006295 +0005112 +0003207 +0007761 +0006847 +0006368 -0070276 -0070472
2019-3-29 5:05:30 +0005783 +0006608 +0005838 +0005621 +0006458 +0003736 +0006297 +0005114 +0003208 +0007762 +0006848 +0006371 -0070273 -0070475
2019-3-29 5:36:42 +0005783 +0006607 +0005837 +0005619 +0006458 +0003735 +0006295 +0005114 +0003208 +0007763 +0006848 +0006369 -0070275 -0070480
2019-3-29 6:07:55 +0005782 +0006607 +0005837 +0005618 +0006457 +0003734 +0006295 +0005111 +0003206 +0007763 +0006847 +0006367 -0070277 -0070483
2019-3-29 6:39:08 +0005781 +0006607 +0005836 +0005619 +0006458 +0003736 +0006296 +0005111 +0003209 +0007763 +0006847 +0006368 -0070276 -0070485
2019-3-29 7:10:21 +0005780 +0006606 +0005835 +0005616 +0006456 +0003734 +0006293 +0005110 +0003206 +0007759 +0006846 +0006367 -0070279 -0070488
2019-3-29 7:41:34 +0005782 +0006609 +0005835 +0005617 +0006459 +0003736 +0006296 +0005111 +0003209 +0007762 +0006848 +0006369 -0070275 -0070486
2019-3-29 8:12:47 +0005781 +0006606 +0005836 +0005616 +0006458 +0003734 +0006296 +0005110 +0003206 +0007762 +0006848 +0006371 -0070277 -0070488
2019-3-29 8:44:00 +0005782 +0006607 +0005835 +0005618 +0006458 +0003737 +0006298 +0005112 +0003209 +0007762 +0006848 +0006370 -0070278 -0070486
2019-3-29 9:15:13 +0005782 +0006609 +0005835 +0005619 +0006460 +0003738 +0006298 +0005112 +0003209 +0007763 +0006848 +0006371 -0070276 -0070485
2019-3-29 9:46:25 +0005781 +0006607 +0005836 +0005617 +0006458 +0003738 +0006296 +0005110 +0003207 +0007763 +0006848 +0006370 -0070279 -0070490
2019-3-29 10:17:38 +0005782 +0006609 +0005837 +0005618 +0006458 +0003738 +0006299 +0005110 +0003208 +0007762 +0006849 +0006373 -0070277 -0070489
2019-3-29 10:48:51 +0005782 +0006609 +0005837 +0005618 +0006461 +0003739 +0006300 +0005110 +0003210 +0007764 +0006850 +0006372 -0070275 -0070488
2019-3-29 11:20:04 +0005780 +0006605 +0005835 +0005617 +0006459 +0003739 +0006298 +0005109 +0003209 +0007762 +0006848 +0006373 -0070278 -0070488
2019-3-29 11:51:17 +0005780 +0006608 +0005835 +0005617 +0006459 +0003739 +0006299 +0005109 +0003209 +0007762 +0006848 +0006372 -0070278 -0070492
2019-3-29 12:22:30 +0005780 +0006608 +0005834 +0005616 +0006460 +0003738 +0006297 +0005108 +0003207 +0007762 +0006848 +0006370 -0070280 -0070493
2019-3-29 12:53:42 +0005781 +0006608 +0005835 +0005617 +0006461 +0003741 +0006299 +0005109 +0003209 +0007764 +0006848 +0006372 -0070276 -0070490
2019-3-29 13:24:56 +0005780 +0006609 +0005835 +0005617 +0006461 +0003741 +0006298 +0005109 +0003210 +0007763 +0006848 +0006371 -0070279 -0070491
2019-3-29 13:56:08 +0005780 +0006607 +0005834 +0005616 +0006457 +0003741 +0006297 +0005107 +0003209 +0007761 +0006848 +0006370 -0070279 -0070493
2019-3-29 14:27:21 +0005780 +0006608 +0005833 +0005616 +0006459 +0003740 +0006298 +0005107 +0003209 +0007762 +0006849 +0006373 -0070280 -0070490
2019-3-29 14:58:34 +0005780 +0006608 +0005835 +0005615 +0006462 +0003742 +0006298 +0005107 +0003209 +0007763 +0006849 +0006372 -0070280 -0070491
2019-3-29 15:29:47 +0005781 +0006607 +0005835 +0005614 +0006461 +0003742 +0006298 +0005107 +0003208 +0007764 +0006848 +0006373 -0070281 -0070492
2019-3-29 16:01:00 +0005780 +0006607 +0005833 +0005614 +0006460 +0003742 +0006298 +0005104 +0003208 +0007762 +0006847 +0006371 -0070282 -0070493
2019-3-29 16:32:13 +0005779 +0006609 +0005834 +0005616 +0006460 +0003744 +0006300 +0005108 +0003210 +0007764 +0006848 +0006372 -0070271 -0070456
2019-3-29 17:03:26 +0005778 +0006607 +0005834 +0005614 +0006463 +0003743 +0006299 +0005105 +0003208 +0007763 +0006848 +0006373 -0070280 -0070471
2019-3-29 17:34:38 +0005779 +0006610 +0005835 +0005614 +0006461 +0003745 +0006301 +0005106 +0003211 +0007765 +0006851 +0006374 -0070280 -0070479
2019-3-29 18:05:51 +0005777 +0006608 +0005833 +0005612 +0006460 +0003742 +0006299 +0005105 +0003209 +0007763 +0006849 +0006372 -0070281 -0070486
2019-3-29 18:37:04 +0005778 +0006608 +0005833 +0005616 +0006462 +0003744 +0006300 +0005106 +0003210 +0007765 +0006849 +0006374 -0070281 -0070489
2019-3-29 19:08:17 +0005778 +0006607 +0005832 +0005613 +0006461 +0003743 +0006299 +0005105 +0003208 +0007762 +0006850 +0006374 -0070280 -0070489
2019-3-29 19:39:30 +0005777 +0006608 +0005833 +0005614 +0006461 +0003744 +0006300 +0005104 +0003209 +0007762 +0006846 +0006374 -0070284 -0070491
2019-3-29 20:10:43 +0005778 +0006609 +0005834 +0005615 +0006464 +0003745 +0006301 +0005104 +0003210 +0007765 +0006850 +0006374 -0070280 -0070490
2019-3-29 20:41:56 +0005780 +0006610 +0005834 +0005613 +0006464 +0003746 +0006302 +0005104 +0003210 +0007765 +0006850 +0006375 -0070282 -0070492
2019-3-29 21:13:08 +0005779 +0006609 +0005833 +0005613 +0006462 +0003746 +0006301 +0005104 +0003211 +0007763 +0006849 +0006374 -0070283 -0070492
2019-3-29 21:44:21 +0005778 +0006609 +0005832 +0005612 +0006462 +0003747 +0006300 +0005102 +0003210 +0007765 +0006849 +0006372 -0070284 -0070494
2019-3-29 22:15:34 +0005777 +0006607 +0005832 +0005614 +0006462 +0003745 +0006299 +0005103 +0003209 +0007764 +0006849 +0006374 -0070284 -0070495
2019-3-29 22:46:47 +0005777 +0006608 +0005832 +0005612 +0006464 +0003747 +0006302 +0005103 +0003211 +0007763 +0006850 +0006376 -0070281 -0070493
2019-3-29 23:18:00 +0005779 +0006610 +0005834 +0005614 +0006464 +0003747 +0006302 +0005105 +0003209 +0007766 +0006849 +0006375 -0070284 -0070495
2019-3-29 23:49:13 +0005779 +0006610 +0005832 +0005612 +0006463 +0003748 +0006302 +0005102 +0003211 +0007765 +0006849 +0006377 -0070283 -0070494
2019-3-30 0:20:26 +0005778 +0006609 +0005832 +0005612 +0006465 +0003749 +0006303 +0005103 +0003210 +0007765 +0006850 +0006376 -0070283 -0070495
2019-3-30 0:51:39 +0005778 +0006608 +0005832 +0005612 +0006465 +0003749 +0006303 +0005103 +0003209 +0007764 +0006849 +0006375 -0070283 -0070496
2019-3-30 1:22:51 +0005778 +0006608 +0005832 +0005612 +0006465 +0003748 +0006302 +0005102 +0003211 +0007764 +0006849 +0006376 -0070283 -0070496
2019-3-30 1:54:04 +0005781 +0006611 +0005834 +0005613 +0006468 +0003752 +0006305 +0005105 +0003211 +0007767 +0006853 +0006379 -0070281 -0070493
2019-3-30 2:25:17 +0005778 +0006610 +0005833 +0005612 +0006465 +0003751 +0006302 +0005101 +0003212 +0007765 +0006851 +0006376 -0070282 -0070496
2019-3-30 2:56:30 +0005779 +0006608 +0005832 +0005612 +0006467 +0003751 +0006304 +0005102 +0003211 +0007765 +0006850 +0006377 -0070282 -0070493
2019-3-30 3:27:43 +0005776 +0006608 +0005829 +0005611 +0006464 +0003749 +0006303 +0005101 +0003209 +0007764 +0006849 +0006376 -0070286 -0070498
2019-3-30 3:58:56 +0005777 +0006608 +0005830 +0005611 +0006464 +0003749 +0006303 +0005101 +0003210 +0007765 +0006850 +0006376 -0070284 -0070498
2019-3-30 4:30:09 +0005777 +0006609 +0005831 +0005611 +0006465 +0003751 +0006304 +0005100 +0003211 +0007765 +0006849 +0006376 -0070287 -0070498
2019-3-30 5:01:21 +0005775 +0006609 +0005832 +0005612 +0006466 +0003752 +0006304 +0005099 +0003212 +0007765 +0006850 +0006377 -0070168 -0070357
2019-3-30 5:32:34 +0005776 +0006610 +0005830 +0005609 +0006467 +0003750 +0006302 +0005100 +0003209 +0007764 +0006848 +0006376 -0070284 -0070468
2019-3-30 6:03:47 +0005776 +0006609 +0005830 +0005611 +0006468 +0003752 +0006304 +0005100 +0003210 +0007765 +0006851 +0006378 -0070285 -0070479
2019-3-30 6:35:00 +0005778 +0006610 +0005831 +0005611 +0006466 +0003753 +0006304 +0005099 +0003212 +0007767 +0006850 +0006378 -0070285 -0070485
2019-3-30 7:06:13 +0005776 +0006610 +0005831 +0005610 +0006468 +0003753 +0006304 +0005099 +0003210 +0007765 +0006850 +0006377 -0070284 -0070490
2019-3-30 7:37:26 +0005777 +0006609 +0005832 +0005610 +0006467 +0003753 +0006305 +0005099 +0003211 +0007767 +0006850 +0006378 -0070287 -0070492
2019-3-30 8:08:39 +0005775 +0006609 +0005830 +0005609 +0006467 +0003753 +0006303 +0005098 +0003211 +0007765 +0006849 +0006378 -0070287 -0070496
2019-3-30 8:39:52 +0005773 +0006610 +0005829 +0005607 +0006468 +0003753 +0006304 +0005098 +0003209 +0007765 +0006849 +0006375 -0070287 -0070497
2019-3-30 9:11:05 +0005777 +0006610 +0005830 +0005609 +0006469 +0003756 +0006307 +0005100 +0003214 +0007768 +0006852 +0006379 -0070287 -0070498
2019-3-30 9:42:17 +0005778 +0006612 +0005831 +0005611 +0006470 +0003757 +0006308 +0005097 +0003214 +0007768 +0006851 +0006381 -0070285 -0070498
2019-3-30 10:13:30 +0005775 +0006610 +0005828 +0005608 +0006468 +0003754 +0006303 +0005097 +0003211 +0007765 +0006850 +0006378 -0070289 -0070500
2019-3-30 10:44:43 +0005775 +0006611 +0005828 +0005609 +0006468 +0003755 +0006306 +0005098 +0003212 +0007766 +0006852 +0006381 -0070287 -0070499
2019-3-30 11:15:56 +0005777 +0006611 +0005830 +0005609 +0006470 +0003755 +0006306 +0005097 +0003212 +0007766 +0006851 +0006378 -0070287 -0070499
2019-3-30 11:47:09 +0005775 +0006611 +0005831 +0005609 +0006470 +0003757 +0006306 +0005097 +0003212 +0007767 +0006850 +0006380 -0070288 -0070500
2019-3-30 12:18:22 +0005777 +0006609 +0005829 +0005607 +0006470 +0003757 +0006306 +0005097 +0003211 +0007766 +0006852 +0006379 -0070288 -0070499
2019-3-30 12:49:35 +0005775 +0006608 +0005829 +0005606 +0006468 +0003756 +0006305 +0005096 +0003212 +0007764 +0006849 +0006379 -0070291 -0070504
2019-3-30 13:20:47 +0005776 +0006609 +0005830 +0005606 +0006471 +0003757 +0006305 +0005096 +0003211 +0007767 +0006850 +0006379 -0070290 -0070501
2019-3-30 13:52:00 +0005778 +0006612 +0005830 +0005610 +0006473 +0003760 +0006309 +0005097 +0003214 +0007769 +0006853 +0006382 -0070287 -0070500
2019-3-30 14:23:13 +0005776 +0006610 +0005827 +0005607 +0006471 +0003757 +0006307 +0005095 +0003212 +0007767 +0006851 +0006379 -0070292 -0070503
2019-3-30 14:54:26 +0005776 +0006610 +0005829 +0005606 +0006470 +0003758 +0006308 +0005096 +0003213 +0007767 +0006850 +0006380 -0070291 -0070503
2019-3-30 15:25:39 +0005777 +0006612 +0005830 +0005608 +0006472 +0003759 +0006308 +0005095 +0003213 +0007765 +0006851 +0006381 -0070292 -0070503
2019-3-30 15:56:52 +0005778 +0006613 +0005830 +0005609 +0006473 +0003759 +0006309 +0005097 +0003213 +0007768 +0006853 +0006382 -0070291 -0070503
2019-3-30 16:28:05 +0005778 +0006612 +0005831 +0005608 +0006474 +0003760 +0006309 +0005096 +0003214 +0007769 +0006852 +0006381 -0070289 -0070502
2019-3-30 16:59:18 +0005775 +0006612 +0005829 +0005606 +0006471 +0003759 +0006306 +0005093 +0003211 +0007765 +0006851 +0006381 -0070291 -0070504
2019-3-30 17:30:30 +0005776 +0006610 +0005828 +0005608 +0006471 +0003761 +0006307 +0005093 +0003212 +0007766 +0006853 +0006383 -0070293 -0070503
2019-3-30 18:01:43 +0005772 +0006609 +0005827 +0005606 +0006473 +0003758 +0006306 +0005090 +0003211 +0007765 +0006850 +0006379 -0070270 -0070456
2019-3-30 18:32:56 +0005775 +0006609 +0005828 +0005606 +0006473 +0003761 +0006307 +0005092 +0003213 +0007767 +0006850 +0006380 -0070290 -0070479
2019-3-30 19:04:09 +0005773 +0006610 +0005827 +0005606 +0006471 +0003761 +0006309 +0005094 +0003212 +0007767 +0006850 +0006380 -0070293 -0070489
2019-3-30 19:35:22 +0005775 +0006610 +0005828 +0005606 +0006473 +0003761 +0006309 +0005094 +0003214 +0007768 +0006852 +0006382 -0070292 -0070493
2019-3-30 20:06:35 +0005776 +0006611 +0005828 +0005606 +0006474 +0003763 +0006310 +0005094 +0003215 +0007768 +0006853 +0006383 -0070291 -0070496
2019-3-30 20:37:48 +0005775 +0006611 +0005827 +0005605 +0006473 +0003761 +0006309 +0005093 +0003214 +0007767 +0006852 +0006382 -0070293 -0070501
2019-3-30 21:09:01 +0005774 +0006610 +0005827 +0005605 +0006473 +0003762 +0006308 +0005093 +0003213 +0007767 +0006850 +0006381 -0070295 -0070502
2019-3-30 21:40:13 +0005775 +0006612 +0005828 +0005607 +0006475 +0003763 +0006309 +0005094 +0003215 +0007768 +0006853 +0006383 -0070293 -0070501
2019-3-30 22:11:26 +0005773 +0006610 +0005827 +0005605 +0006473 +0003763 +0006309 +0005092 +0003212 +0007767 +0006851 +0006381 -0070294 -0070505
2019-3-30 22:42:39 +0005775 +0006612 +0005827 +0005607 +0006473 +0003763 +0006312 +0005092 +0003214 +0007768 +0006852 +0006383 -0070294 -0070506
2019-3-30 23:13:52 +0005775 +0006612 +0005827 +0005606 +0006474 +0003767 +0006311 +0005092 +0003214 +0007768 +0006851 +0006383 -0070293 -0070505
2019-3-30 23:45:05 +0005775 +0006612 +0005828 +0005606 +0006475 +0003766 +0006312 +0005093 +0003214 +0007769 +0006853 +0006385 -0070295 -0070505
2019-3-31 0:16:18 +0005774 +0006610 +0005826 +0005605 +0006474 +0003763 +0006310 +0005090 +0003213 +0007768 +0006851 +0006384 -0070295 -0070507
2019-3-31 0:47:31 +0005775 +0006612 +0005828 +0005606 +0006477 +0003765 +0006311 +0005092 +0003216 +0007769 +0006853 +0006384 -0070295 -0070506
2019-3-31 1:18:44 +0005772 +0006611 +0005825 +0005604 +0006474 +0003766 +0006311 +0005090 +0003213 +0007768 +0006851 +0006384 -0070298 -0070509
2019-3-31 1:49:56 +0005774 +0006613 +0005826 +0005604 +0006476 +0003766 +0006311 +0005090 +0003213 +0007768 +0006852 +0006384 -0070298 -0070510
2019-3-31 2:21:09 +0005775 +0006613 +0005826 +0005604 +0006475 +0003767 +0006310 +0005091 +0003215 +0007769 +0006855 +0006385 -0070297 -0070509
2019-3-31 2:52:22 +0005775 +0006613 +0005826 +0005603 +0006477 +0003766 +0006313 +0005089 +0003216 +0007770 +0006852 +0006384 -0070295 -0070509
2019-3-31 3:23:35 +0005773 +0006611 +0005824 +0005603 +0006474 +0003765 +0006311 +0005088 +0003213 +0007767 +0006853 +0006382 -0070300 -0070513
2019-3-31 3:54:48 +0005776 +0006613 +0005827 +0005604 +0006478 +0003769 +0006313 +0005090 +0003215 +0007768 +0006853 +0006385 -0070296 -0070508
2019-3-31 4:26:01 +0005773 +0006610 +0005827 +0005603 +0006475 +0003766 +0006312 +0005089 +0003214 +0007768 +0006852 +0006383 -0070298 -0070513
2019-3-31 4:57:14 +0005775 +0006613 +0005827 +0005603 +0006478 +0003771 +0006314 +0005090 +0003216 +0007768 +0006854 +0006387 -0070298 -0070510
2019-3-31 5:28:27 +0005774 +0006612 +0005825 +0005603 +0006477 +0003768 +0006312 +0005087 +0003215 +0007767 +0006851 +0006385 -0070298 -0070511
2019-3-31 5:59:39 +0005775 +0006613 +0005826 +0005602 +0006477 +0003769 +0006312 +0005088 +0003214 +0007769 +0006853 +0006384 -0070299 -0070510
2019-3-31 6:30:52 +0005774 +0006612 +0005825 +0005602 +0006479 +0003770 +0006314 +0005089 +0003214 +0007769 +0006851 +0006384 -0070298 -0070512
2019-3-31 7:02:05 +0005772 +0006612 +0005824 +0005601 +0006477 +0003769 +0006312 +0005088 +0003215 +0007767 +0006853 +0006384 -0070291 -0070476
2019-3-31 7:33:18 +0005775 +0006613 +0005826 +0005605 +0006478 +0003771 +0006315 +0005090 +0003217 +0007769 +0006855 +0006387 -0070298 -0070489
2019-3-31 8:04:31 +0005772 +0006610 +0005824 +0005602 +0006477 +0003770 +0006312 +0005087 +0003216 +0007768 +0006851 +0006387 -0070300 -0070497
2019-3-31 8:35:44 +0005772 +0006612 +0005824 +0005601 +0006479 +0003769 +0006313 +0005086 +0003214 +0007767 +0006852 +0006386 -0070299 -0070503
2019-3-31 9:06:57 +0005771 +0006610 +0005824 +0005599 +0006476 +0003770 +0006313 +0005085 +0003214 +0007766 +0006850 +0006384 -0070303 -0070507
2019-3-31 9:38:09 +0005772 +0006613 +0005824 +0005601 +0006476 +0003770 +0006313 +0005085 +0003214 +0007767 +0006852 +0006385 -0070301 -0070508
2019-3-31 10:09:22 +0005774 +0006614 +0005827 +0005602 +0006479 +0003772 +0006316 +0005087 +0003215 +0007769 +0006854 +0006387 -0070302 -0070510
2019-3-31 10:40:35 +0005772 +0006612 +0005824 +0005600 +0006478 +0003771 +0006314 +0005086 +0003217 +0007768 +0006853 +0006388 -0070301 -0070512
2019-3-31 11:11:48 +0005773 +0006613 +0005825 +0005601 +0006479 +0003772 +0006315 +0005087 +0003217 +0007770 +0006852 +0006386 -0070301 -0070511
2019-3-31 11:43:01 +0005775 +0006615 +0005825 +0005603 +0006482 +0003776 +0006317 +0005087 +0003217 +0007771 +0006855 +0006387 -0070299 -0070511
2019-3-31 12:14:14 +0005773 +0006614 +0005825 +0005601 +0006479 +0003773 +0006316 +0005086 +0003216 +0007770 +0006854 +0006388 -0070302 -0070514
2019-3-31 12:45:27 +0005773 +0006614 +0005825 +0005602 +0006480 +0003775 +0006316 +0005086 +0003217 +0007770 +0006852 +0006387 -0070301 -0070512
2019-3-31 13:16:39 +0005773 +0006614 +0005825 +0005600 +0006481 +0003775 +0006315 +0005087 +0003217 +0007770 +0006853 +0006388 -0070302 -0070512
2019-3-31 13:47:52 +0005773 +0006614 +0005823 +0005601 +0006482 +0003775 +0006316 +0005086 +0003217 +0007771 +0006855 +0006389 -0070302 -0070512
2019-3-31 14:19:05 +0005773 +0006612 +0005823 +0005600 +0006481 +0003776 +0006317 +0005085 +0003216 +0007770 +0006854 +0006388 -0070301 -0070515
2019-3-31 14:50:18 +0005772 +0006613 +0005823 +0005599 +0006480 +0003775 +0006316 +0005083 +0003216 +0007770 +0006852 +0006387 -0070305 -0070518
2019-3-31 15:21:31 +0005773 +0006614 +0005823 +0005601 +0006482 +0003776 +0006317 +0005084 +0003217 +0007769 +0006855 +0006389 -0070302 -0070515
2019-3-31 15:52:44 +0005772 +0006613 +0005823 +0005599 +0006479 +0003774 +0006315 +0005083 +0003216 +0007767 +0006851 +0006389 -0070308 -0070520
2019-3-31 16:23:57 +0005772 +0006614 +0005822 +0005599 +0006481 +0003776 +0006314 +0005082 +0003216 +0007769 +0006852 +0006388 -0070307 -0070516
2019-3-31 16:55:10 +0005772 +0006612 +0005823 +0005599 +0006482 +0003777 +0006316 +0005082 +0003216 +0007768 +0006853 +0006387 -0070305 -0070518
2019-3-31 17:26:22 +0005772 +0006615 +0005823 +0005601 +0006483 +0003776 +0006317 +0005084 +0003218 +0007770 +0006853 +0006389 -0070304 -0070516
2019-3-31 17:57:35 +0005775 +0006617 +0005825 +0005601 +0006483 +0003779 +0006319 +0005084 +0003218 +0007772 +0006856 +0006390 -0070304 -0070515
2019-3-31 18:28:48 +0005772 +0006613 +0005823 +0005599 +0006483 +0003778 +0006317 +0005082 +0003217 +0007769 +0006853 +0006389 -0070308 -0070518
2019-3-31 19:00:01 +0005774 +0006617 +0005825 +0005600 +0006485 +0003780 +0006319 +0005081 +0003219 +0007772 +0006855 +0006391 -0070304 -0070516
2019-3-31 19:31:14 +0005769 +0006612 +0005821 +0005599 +0006482 +0003778 +0006317 +0005081 +0003217 +0007769 +0006853 +0006387 -0070201 -0070386
2019-3-31 20:02:27 +0005771 +0006615 +0005823 +0005599 +0006485 +0003779 +0006319 +0005082 +0003218 +0007770 +0006855 +0006390 -0070303 -0070488
2019-3-31 20:33:40 +0005771 +0006613 +0005821 +0005598 +0006482 +0003779 +0006318 +0005081 +0003217 +0007769 +0006853 +0006388 -0070309 -0070503
2019-3-31 21:04:53 +0005771 +0006614 +0005820 +0005597 +0006481 +0003778 +0006318 +0005080 +0003217 +0007768 +0006852 +0006388 -0070310 -0070510
2019-3-31 21:36:05 +0005771 +0006615 +0005822 +0005597 +0006483 +0003781 +0006319 +0005080 +0003219 +0007769 +0006854 +0006390 -0070305 -0070510
2019-3-31 22:07:18 +0005771 +0006613 +0005821 +0005597 +0006483 +0003779 +0006316 +0005080 +0003216 +0007768 +0006852 +0006389 -0070309 -0070516
2019-3-31 22:38:31 +0005771 +0006615 +0005822 +0005598 +0006486 +0003780 +0006319 +0005080 +0003216 +0007769 +0006855 +0006389 -0070308 -0070516
2019-3-31 23:09:44 +0005770 +0006615 +0005821 +0005598 +0006482 +0003782 +0006318 +0005079 +0003216 +0007770 +0006853 +0006389 -0070308 -0070518
2019-3-31 23:40:57 +0005770 +0006615 +0005821 +0005596 +0006484 +0003780 +0006319 +0005080 +0003218 +0007769 +0006853 +0006390 -0070309 -0070519
2019-4-1 0:12:10 +0005772 +0006617 +0005823 +0005599 +0006486 +0003782 +0006321 +0005080 +0003219 +0007769 +0006854 +0006392 -0070310 -0070521
2019-4-1 0:43:23 +0005772 +0006614 +0005821 +0005597 +0006487 +0003782 +0006320 +0005081 +0003218 +0007771 +0006856 +0006393 -0070310 -0070520
2019-4-1 1:14:35 +0005771 +0006614 +0005819 +0005598 +0006484 +0003782 +0006320 +0005080 +0003218 +0007769 +0006854 +0006392 -0070311 -0070522
2019-4-1 1:45:48 +0005772 +0006615 +0005823 +0005597 +0006487 +0003784 +0006322 +0005080 +0003220 +0007770 +0006856 +0006392 -0070310 -0070522
2019-4-1 2:17:01 +0005771 +0006615 +0005822 +0005599 +0006485 +0003783 +0006320 +0005078 +0003218 +0007770 +0006854 +0006390 -0070310 -0070521
2019-4-1 2:48:14 +0005771 +0006614 +0005820 +0005596 +0006485 +0003782 +0006320 +0005077 +0003219 +0007770 +0006854 +0006391 -0070310 -0070521
2019-4-1 3:19:27 +0005770 +0006613 +0005819 +0005595 +0006484 +0003783 +0006320 +0005076 +0003218 +0007770 +0006854 +0006392 -0070313 -0070525
2019-4-1 3:50:40 +0005772 +0006615 +0005822 +0005597 +0006487 +0003784 +0006321 +0005078 +0003219 +0007770 +0006854 +0006391 -0070312 -0070525
2019-4-1 4:21:53 +0005772 +0006616 +0005821 +0005598 +0006488 +0003785 +0006322 +0005079 +0003218 +0007771 +0006855 +0006393 -0070309 -0070522
2019-4-1 4:53:06 +0005770 +0006615 +0005822 +0005598 +0006488 +0003784 +0006322 +0005078 +0003217 +0007770 +0006853 +0006392 -0070314 -0070524
2019-4-1 5:24:18 +0005773 +0006617 +0005822 +0005598 +0006488 +0003786 +0006321 +0005078 +0003219 +0007771 +0006855 +0006394 -0070312 -0070523
2019-4-1 5:55:31 +0005772 +0006616 +0005822 +0005597 +0006486 +0003785 +0006323 +0005078 +0003220 +0007771 +0006856 +0006394 -0070311 -0070524
2019-4-1 6:26:44 +0005772 +0006616 +0005819 +0005597 +0006486 +0003786 +0006322 +0005078 +0003219 +0007771 +0006854 +0006394 -0070313 -0070526
2019-4-1 6:57:57 +0005771 +0006616 +0005821 +0005597 +0006488 +0003787 +0006324 +0005077 +0003222 +0007771 +0006854 +0006394 -0070310 -0070523
2019-4-1 7:29:10 +0005770 +0006617 +0005820 +0005597 +0006488 +0003789 +0006324 +0005078 +0003220 +0007771 +0006856 +0006394 -0070313 -0070524
2019-4-1 8:00:23 +0005771 +0006617 +0005821 +0005597 +0006488 +0003786 +0006324 +0005075 +0003219 +0007771 +0006856 +0006393 -0070315 -0070525
2019-4-1 8:31:36 +0005769 +0006614 +0005820 +0005597 +0006489 +0003785 +0006322 +0005074 +0003219 +0007770 +0006855 +0006392 -0070293 -0070479
2019-4-1 9:02:49 +0005771 +0006616 +0005819 +0005596 +0006489 +0003787 +0006323 +0005075 +0003219 +0007771 +0006854 +0006394 -0070315 -0070504
2019-4-1 9:34:01 +0005770 +0006617 +0005820 +0005595 +0006490 +0003788 +0006323 +0005074 +0003220 +0007773 +0006856 +0006393 -0070315 -0070510
2019-4-1 10:05:14 +0005770 +0006616 +0005820 +0005596 +0006491 +0003788 +0006324 +0005076 +0003221 +0007771 +0006857 +0006396 -0070313 -0070515
2019-4-1 10:36:27 +0005769 +0006615 +0005819 +0005595 +0006490 +0003789 +0006323 +0005075 +0003219 +0007771 +0006853 +0006394 -0070315 -0070522
2019-4-1 11:07:40 +0005770 +0006615 +0005820 +0005594 +0006490 +0003791 +0006324 +0005075 +0003222 +0007774 +0006855 +0006395 -0070316 -0070523
2019-4-1 11:38:53 +0005771 +0006616 +0005819 +0005594 +0006491 +0003791 +0006324 +0005074 +0003220 +0007773 +0006856 +0006394 -0070316 -0070526
2019-4-1 12:10:06 +0005771 +0006617 +0005819 +0005596 +0006491 +0003792 +0006324 +0005076 +0003222 +0007774 +0006857 +0006395 -0070316 -0070523
2019-4-1 12:41:19 +0005770 +0006616 +0005819 +0005593 +0006490 +0003790 +0006324 +0005074 +0003220 +0007771 +0006853 +0006394 -0070318 -0070527
2019-4-1 13:12:32 +0005771 +0006618 +0005820 +0005597 +0006493 +0003791 +0006326 +0005073 +0003220 +0007774 +0006856 +0006396 -0070315 -0070528
2019-4-1 13:43:44 +0005772 +0006617 +0005821 +0005597 +0006492 +0003794 +0006326 +0005075 +0003221 +0007774 +0006856 +0006396 -0070314 -0070528
2019-4-1 14:14:57 +0005770 +0006616 +0005818 +0005594 +0006491 +0003790 +0006325 +0005073 +0003221 +0007772 +0006854 +0006395 -0070319 -0070530
2019-4-1 14:46:10 +0005771 +0006617 +0005819 +0005596 +0006491 +0003793 +0006326 +0005074 +0003221 +0007772 +0006854 +0006396 -0070319 -0070528
2019-4-1 15:17:23 +0005771 +0006617 +0005820 +0005595 +0006493 +0003793 +0006326 +0005073 +0003221 +0007773 +0006857 +0006396 -0070316 -0070527
2019-4-1 15:48:36 +0005771 +0006618 +0005819 +0005595 +0006491 +0003795 +0006327 +0005074 +0003221 +0007773 +0006856 +0006397 -0070317 -0070529
2019-4-1 16:19:49 +0005771 +0006619 +0005817 +0005594 +0006492 +0003793 +0006326 +0005072 +0003220 +0007773 +0006856 +0006396 -0070320 -0070531
2019-4-1 16:51:02 +0005771 +0006619 +0005818 +0005596 +0006494 +0003796 +0006327 +0005073 +0003222 +0007773 +0006857 +0006396 -0070318 -0070530
2019-4-1 17:22:15 +0005771 +0006618 +0005820 +0005596 +0006493 +0003795 +0006328 +0005073 +0003222 +0007773 +0006856 +0006397 -0070321 -0070530
2019-4-1 17:53:27 +0005771 +0006616 +0005818 +0005594 +0006492 +0003796 +0006328 +0005072 +0003221 +0007773 +0006855 +0006397 -0070319 -0070532
2019-4-1 18:24:40 +0005769 +0006615 +0005816 +0005592 +0006491 +0003793 +0006325 +0005070 +0003220 +0007771 +0006854 +0006395 -0070323 -0070535
2019-4-1 18:55:53 +0005770 +0006616 +0005818 +0005593 +0006492 +0003796 +0006328 +0005070 +0003221 +0007771 +0006854 +0006397 -0070323 -0070534
2019-4-1 19:27:06 +0005770 +0006618 +0005819 +0005592 +0006494 +0003796 +0006327 +0005072 +0003223 +0007773 +0006856 +0006396 -0070321 -0070532
2019-4-1 19:58:19 +0005771 +0006618 +0005819 +0005592 +0006495 +0003797 +0006329 +0005073 +0003222 +0007774 +0006857 +0006397 -0070319 -0070531
2019-4-1 20:29:32 +0005773 +0006618 +0005818 +0005592 +0006492 +0003796 +0006328 +0005070 +0003222 +0007771 +0006855 +0006397 -0070323 -0070533
2019-4-1 21:00:44 +0005771 +0006616 +0005818 +0005591 +0006495 +0003796 +0006328 +0005071 +0003221 +0007771 +0006855 +0006397 -0070322 -0070534
2019-4-1 21:31:57 +0005770 +0006617 +0005818 +0005594 +0006495 +0003796 +0006329 +0005072 +0003223 +0007774 +0006857 +0006397 -0070314 -0070495
2019-4-1 22:03:10 +0005770 +0006618 +0005818 +0005592 +0006494 +0003798 +0006327 +0005069 +0003222 +0007772 +0006855 +0006397 -0070321 -0070513
2019-4-1 22:34:23 +0005769 +0006618 +0005819 +0005592 +0006495 +0003798 +0006329 +0005070 +0003224 +0007773 +0006856 +0006397 -0070321 -0070522
2019-4-1 23:05:36 +0005771 +0006618 +0005818 +0005592 +0006495 +0003799 +0006328 +0005071 +0003222 +0007772 +0006856 +0006399 -0070323 -0070526
2019-4-1 23:36:49 +0005771 +0006620 +0005818 +0005594 +0006496 +0003801 +0006332 +0005070 +0003224 +0007775 +0006857 +0006398 -0070322 -0070525
2019-4-2 0:08:02 +0005773 +0006622 +0005820 +0005594 +0006499 +0003802 +0006332 +0005073 +0003227 +0007775 +0006860 +0006400 -0070320 -0070526
2019-4-2 0:39:15 +0005773 +0006622 +0005821 +0005596 +0006499 +0003804 +0006333 +0005071 +0003225 +0007774 +0006860 +0006403 -0070321 -0070529
2019-4-2 1:10:28 +0005770 +0006618 +0005816 +0005592 +0006497 +0003800 +0006331 +0005069 +0003224 +0007774 +0006857 +0006399 -0070325 -0070534
2019-4-2 1:41:40 +0005770 +0006619 +0005818 +0005593 +0006497 +0003800 +0006329 +0005067 +0003224 +0007774 +0006856 +0006398 -0070326 -0070535
2019-4-2 2:12:53 +0005771 +0006622 +0005818 +0005593 +0006498 +0003802 +0006332 +0005070 +0003224 +0007773 +0006859 +0006399 -0070326 -0070533
2019-4-2 2:44:06 +0005770 +0006618 +0005817 +0005592 +0006497 +0003801 +0006331 +0005068 +0003221 +0007770 +0006857 +0006399 -0070324 -0070535
2019-4-2 3:15:19 +0005770 +0006619 +0005818 +0005591 +0006496 +0003801 +0006330 +0005067 +0003224 +0007773 +0006858 +0006398 -0070325 -0070537
2019-4-2 3:46:32 +0005773 +0006622 +0005819 +0005593 +0006500 +0003805 +0006334 +0005070 +0003225 +0007776 +0006859 +0006401 -0070321 -0070533
2019-4-2 4:17:45 +0005770 +0006620 +0005818 +0005592 +0006497 +0003803 +0006333 +0005070 +0003226 +0007774 +0006858 +0006401 -0070323 -0070536
2019-4-2 4:48:58 +0005770 +0006620 +0005816 +0005591 +0006497 +0003801 +0006332 +0005067 +0003224 +0007774 +0006857 +0006399 -0070326 -0070538
2019-4-2 5:20:11 +0005770 +0006619 +0005818 +0005592 +0006499 +0003805 +0006332 +0005068 +0003225 +0007775 +0006856 +0006401 -0070327 -0070538
2019-4-2 5:51:23 +0005770 +0006619 +0005818 +0005592 +0006498 +0003804 +0006332 +0005068 +0003224 +0007773 +0006856 +0006401 -0070328 -0070539
2019-4-2 6:22:36 +0005770 +0006620 +0005818 +0005591 +0006499 +0003802 +0006332 +0005066 +0003225 +0007772 +0006858 +0006401 -0070329 -0070540
2019-4-2 6:53:49 +0005772 +0006621 +0005817 +0005592 +0006501 +0003805 +0006334 +0005068 +0003226 +0007775 +0006858 +0006401 -0070326 -0070536
2019-4-2 7:25:02 +0005771 +0006621 +0005816 +0005592 +0006500 +0003805 +0006334 +0005067 +0003225 +0007775 +0006857 +0006400 -0070328 -0070541
2019-4-2 7:56:15 +0005771 +0006620 +0005816 +0005592 +0006499 +0003806 +0006333 +0005067 +0003225 +0007775 +0006858 +0006401 -0070329 -0070541
2019-4-2 8:27:28 +0005773 +0006622 +0005818 +0005591 +0006501 +0003808 +0006335 +0005067 +0003226 +0007774 +0006857 +0006404 -0070326 -0070539
2019-4-2 8:58:41 +0005772 +0006621 +0005817 +0005591 +0006499 +0003806 +0006333 +0005065 +0003223 +0007773 +0006857 +0006401 -0070331 -0070543
2019-4-2 9:29:54 +0005771 +0006620 +0005815 +0005590 +0006500 +0003807 +0006334 +0005066 +0003224 +0007775 +0006858 +0006402 -0070329 -0070541
2019-4-2 10:01:06 +0005769 +0006620 +0005816 +0005592 +0006502 +0003807 +0006334 +0005066 +0003226 +0007774 +0006856 +0006402 -0070229 -0070416
2019-4-2 10:32:19 +0005769 +0006619 +0005815 +0005589 +0006501 +0003807 +0006332 +0005064 +0003225 +0007774 +0006857 +0006402 -0070327 -0070510
2019-4-2 11:03:32 +0005769 +0006621 +0005815 +0005590 +0006502 +0003807 +0006333 +0005063 +0003225 +0007773 +0006856 +0006402 -0070332 -0070523
2019-4-2 11:34:45 +0005769 +0006620 +0005817 +0005591 +0006501 +0003809 +0006335 +0005065 +0003225 +0007773 +0006856 +0006404 -0070329 -0070528
2019-4-2 12:05:58 +0005771 +0006621 +0005816 +0005592 +0006501 +0003809 +0006334 +0005064 +0003225 +0007776 +0006857 +0006404 -0070329 -0070533
2019-4-2 12:37:11 +0005767 +0006618 +0005814 +0005589 +0006499 +0003807 +0006334 +0005062 +0003225 +0007774 +0006857 +0006401 -0070331 -0070538
2019-4-2 13:08:23 +0005770 +0006623 +0005818 +0005592 +0006504 +0003813 +0006337 +0005066 +0003227 +0007777 +0006860 +0006404 -0070330 -0070537
2019-4-2 13:39:36 +0005771 +0006621 +0005816 +0005589 +0006503 +0003810 +0006336 +0005064 +0003227 +0007775 +0006858 +0006404 -0070331 -0070539
2019-4-2 14:10:49 +0005771 +0006620 +0005815 +0005590 +0006502 +0003811 +0006337 +0005064 +0003227 +0007775 +0006858 +0006404 -0070332 -0070541
2019-4-2 14:42:02 +0005771 +0006620 +0005814 +0005589 +0006503 +0003811 +0006336 +0005063 +0003225 +0007775 +0006857 +0006402 -0070334 -0070544
2019-4-2 15:13:15 +0005771 +0006619 +0005816 +0005591 +0006503 +0003813 +0006338 +0005065 +0003227 +0007776 +0006859 +0006405 -0070334 -0070543
2019-4-2 15:44:28 +0005772 +0006623 +0005818 +0005591 +0006505 +0003813 +0006339 +0005065 +0003228 +0007775 +0006857 +0006406 -0070332 -0070541
2019-4-2 16:15:41 +0005771 +0006621 +0005817 +0005590 +0006504 +0003812 +0006337 +0005063 +0003226 +0007775 +0006858 +0006404 -0070335 -0070543
2019-4-2 16:46:54 +0005769 +0006621 +0005816 +0005588 +0006503 +0003811 +0006335 +0005063 +0003227 +0007774 +0006857 +0006403 -0070334 -0070545
2019-4-2 17:18:07 +0005771 +0006619 +0005817 +0005589 +0006504 +0003812 +0006336 +0005061 +0003225 +0007773 +0006857 +0006403 -0070336 -0070548
2019-4-2 17:49:19 +0005771 +0006621 +0005815 +0005590 +0006505 +0003814 +0006338 +0005064 +0003228 +0007775 +0006859 +0006404 -0070336 -0070545
2019-4-2 18:20:32 +0005774 +0006626 +0005818 +0005592 +0006506 +0003817 +0006340 +0005066 +0003231 +0007778 +0006861 +0006407 -0070333 -0070543
2019-4-2 18:51:45 +0005770 +0006622 +0005815 +0005590 +0006505 +0003814 +0006339 +0005062 +0003229 +0007776 +0006858 +0006404 -0070334 -0070545
2019-4-2 19:22:58 +0005772 +0006623 +0005816 +0005590 +0006507 +0003814 +0006340 +0005064 +0003229 +0007775 +0006859 +0006406 -0070334 -0070544
2019-4-2 19:54:11 +0005769 +0006621 +0005816 +0005588 +0006504 +0003813 +0006338 +0005062 +0003227 +0007774 +0006857 +0006405 -0070337 -0070547
2019-4-2 20:25:24 +0005772 +0006623 +0005815 +0005591 +0006507 +0003816 +0006340 +0005063 +0003229 +0007776 +0006858 +0006406 -0070335 -0070545
2019-4-2 20:56:37 +0005772 +0006625 +0005816 +0005592 +0006508 +0003817 +0006341 +0005062 +0003229 +0007776 +0006859 +0006407 -0070336 -0070546
2019-4-2 21:27:49 +0005773 +0006623 +0005818 +0005591 +0006508 +0003818 +0006342 +0005063 +0003231 +0007778 +0006862 +0006406 -0070335 -0070545
2019-4-2 21:59:02 +0005771 +0006623 +0005816 +0005590 +0006506 +0003816 +0006340 +0005061 +0003227 +0007775 +0006858 +0006406 -0070335 -0070548
2019-4-2 22:30:15 +0005771 +0006622 +0005816 +0005589 +0006507 +0003816 +0006340 +0005062 +0003228 +0007774 +0006858 +0006406 -0070337 -0070548
2019-4-2 23:01:28 +0005770 +0006621 +0005813 +0005588 +0006507 +0003817 +0006339 +0005059 +0003228 +0007775 +0006858 +0006404 -0070318 -0070502
2019-4-2 23:32:41 +0005770 +0006622 +0005815 +0005588 +0006508 +0003818 +0006342 +0005062 +0003229 +0007777 +0006859 +0006406 -0070336 -0070523
2019-4-3 0:03:54 +0005771 +0006623 +0005817 +0005589 +0006508 +0003819 +0006342 +0005062 +0003230 +0007779 +0006860 +0006408 -0070335 -0070530
2019-4-3 0:35:07 +0005771 +0006625 +0005816 +0005589 +0006509 +0003818 +0006343 +0005061 +0003232 +0007778 +0006859 +0006407 -0070338 -0070539
2019-4-3 1:06:20 +0005772 +0006624 +0005815 +0005589 +0006509 +0003821 +0006342 +0005061 +0003232 +0007777 +0006860 +0006408 -0070338 -0070541
2019-4-3 1:37:32 +0005771 +0006625 +0005816 +0005589 +0006510 +0003820 +0006342 +0005062 +0003230 +0007778 +0006860 +0006407 -0070340 -0070544
2019-4-3 2:08:45 +0005770 +0006623 +0005814 +0005588 +0006509 +0003820 +0006341 +0005059 +0003229 +0007775 +0006858 +0006407 -0070341 -0070547
2019-4-3 2:39:58 +0005769 +0006622 +0005815 +0005589 +0006509 +0003820 +0006341 +0005060 +0003231 +0007776 +0006860 +0006406 -0070340 -0070549
2019-4-3 3:11:11 +0005773 +0006625 +0005817 +0005589 +0006511 +0003821 +0006344 +0005060 +0003230 +0007777 +0006860 +0006407 -0070339 -0070547
2019-4-3 3:42:24 +0005771 +0006622 +0005816 +0005588 +0006509 +0003821 +0006342 +0005058 +0003231 +0007775 +0006859 +0006408 -0070341 -0070551
2019-4-3 4:13:37 +0005771 +0006624 +0005814 +0005588 +0006510 +0003821 +0006342 +0005058 +0003230 +0007776 +0006857 +0006406 -0070343 -0070551
2019-4-3 4:44:50 +0005771 +0006623 +0005814 +0005587 +0006510 +0003822 +0006343 +0005059 +0003229 +0007776 +0006859 +0006408 -0070341 -0070550
2019-4-3 5:16:02 +0005770 +0006624 +0005815 +0005588 +0006510 +0003820 +0006343 +0005057 +0003230 +0007775 +0006859 +0006408 -0070341 -0070552
2019-4-3 5:47:15 +0005772 +0006625 +0005814 +0005590 +0006511 +0003823 +0006344 +0005059 +0003232 +0007778 +0006861 +0006409 -0070341 -0070550
2019-4-3 6:18:28 +0005771 +0006623 +0005814 +0005588 +0006510 +0003823 +0006344 +0005058 +0003230 +0007777 +0006858 +0006408 -0070342 -0070552
2019-4-3 6:49:41 +0005774 +0006627 +0005817 +0005591 +0006513 +0003826 +0006346 +0005059 +0003233 +0007780 +0006861 +0006410 -0070340 -0070551
2019-4-3 7:20:54 +0005772 +0006625 +0005816 +0005590 +0006513 +0003825 +0006345 +0005058 +0003232 +0007778 +0006859 +0006410 -0070341 -0070553
2019-4-3 7:52:07 +0005774 +0006625 +0005814 +0005587 +0006512 +0003826 +0006344 +0005057 +0003231 +0007778 +0006860 +0006409 -0070344 -0070553
2019-4-3 8:23:20 +0005772 +0006626 +0005814 +0005589 +0006511 +0003825 +0006346 +0005058 +0003233 +0007777 +0006860 +0006411 -0070342 -0070552
2019-4-3 8:54:33 +0005773 +0006625 +0005815 +0005589 +0006514 +0003826 +0006346 +0005057 +0003233 +0007778 +0006859 +0006410 -0070343 -0070553
2019-4-3 9:25:45 +0005772 +0006625 +0005815 +0005587 +0006513 +0003825 +0006347 +0005057 +0003233 +0007777 +0006860 +0006409 -0070344 -0070552
2019-4-3 9:56:58 +0005772 +0006624 +0005813 +0005587 +0006512 +0003825 +0006345 +0005057 +0003230 +0007777 +0006859 +0006409 -0070346 -0070556
