2019-3-27 8:47:38 +0009015 +0009394 +0007499 +0008866 +0008820 +0006696 +0008401 +0009281 +0005932 +0008008 +0008007 +0007684 -0072421 -0072112
2019-3-27 8:49:43 +0009016 +0009395 +0007499 +0008870 +0008821 +0006698 +0008403 +0009282 +0005930 +0008011 +0008007 +0007686 -0072403 -0072050
2019-3-27 8:51:48 +0009016 +0009393 +0007498 +0008868 +0008822 +0006694 +0008402 +0009280 +0005932 +0008011 +0008007 +0007684 -0072420 -0072070
2019-3-27 8:58:24 +0009015 +0009392 +0007499 +0008865 +0008820 +0006694 +0008399 +0009279 +0005930 +0008009 +0008006 +0007683 -0072425 -0072103
2019-3-27 9:12:20 +0009014 +0009393 +0007498 +0008868 +0008820 +0006694 +0008402 +0009282 +0005931 +0008010 +0008007 +0007685 -0072422 -0072119
2019-3-27 9:18:14 +0009016 +0009393 +0007498 +0008866 +0008822 +0006694 +0008401 +0009280 +0005930 +0008010 +0008008 +0007684 -0072421 -0072118
2019-3-27 9:49:27 +0009015 +0009392 +0007500 +0008867 +0008820 +0006697 +0008402 +0009282 +0005932 +0008010 +0008009 +0007685 -0072419 -0072120
2019-3-27 10:20:40 +0009015 +0009390 +0007496 +0008865 +0008819 +0006692 +0008400 +0009279 +0005928 +0008008 +0008006 +0007684 -0072424 -0072124
2019-3-27 10:51:53 +0009015 +0009390 +0007496 +0008865 +0008818 +0006694 +0008399 +0009280 +0005928 +0008010 +0008007 +0007685 -0072423 -0072123
2019-3-27 11:23:06 +0009014 +0009389 +0007496 +0008866 +0008820 +0006696 +0008398 +0009282 +0005929 +0008009 +0008008 +0007685 -0072422 -0072122
2019-3-27 11:54:19 +0009013 +0009389 +0007495 +0008864 +0008819 +0006694 +0008397 +0009280 +0005929 +0008010 +0008009 +0007685 -0072423 -0072122
2019-3-27 12:25:32 +0009012 +0009390 +0007495 +0008866 +0008821 +0006695 +0008399 +0009281 +0005928 +0008011 +0008008 +0007685 -0072420 -0072119
2019-3-27 12:56:44 +0009014 +0009392 +0007496 +0008867 +0008822 +0006695 +0008401 +0009282 +0005930 +0008012 +0008009 +0007688 -0072420 -0072120
2019-3-27 13:27:57 +0009009 +0009388 +0007492 +0008864 +0008818 +0006692 +0008397 +0009279 +0005926 +0008009 +0008007 +0007685 -0072423 -0072121
2019-3-27 13:59:10 +0009011 +0009387 +0007492 +0008863 +0008820 +0006693 +0008396 +0009280 +0005927 +0008008 +0008005 +0007685 -0072423 -0072120
2019-3-27 14:30:23 +0009012 +0009387 +0007493 +0008865 +0008821 +0006693 +0008398 +0009280 +0005927 +0008012 +0008010 +0007687 -0072420 -0072120
2019-3-27 15:32:49 +0009009 +0009386 +0007491 +0008863 +0008820 +0006693 +0008396 +0009280 +0005926 +0008010 +0008009 +0007685 -0072415 -0072088
2019-3-27 16:04:02 +0009010 +0009387 +0007492 +0008865 +0008822 +0006694 +0008397 +0009282 +0005927 +0008011 +0008010 +0007687 -0072418 -0072099
2019-3-27 16:35:15 +0009011 +0009385 +0007492 +0008866 +0008822 +0006695 +0008397 +0009281 +0005927 +0008012 +0008009 +0007688 -0072418 -0072107
2019-3-27 17:06:27 +0009009 +0009384 +0007488 +0008864 +0008820 +0006692 +0008394 +0009279 +0005925 +0008011 +0008007 +0007687 -0072420 -0072121
2019-3-27 17:37:41 +0009011 +0009387 +0007490 +0008865 +0008823 +0006695 +0008396 +0009282 +0005926 +0008013 +0008010 +0007689 -0072416 -0072113
2019-3-27 18:08:53 +0009008 +0009382 +0007487 +0008862 +0008818 +0006690 +0008393 +0009278 +0005922 +0008009 +0008006 +0007685 -0072421 -0072117
2019-3-28 11:55:25 +0009001 +0009368 +0007469 +0008861 +0008826 +0006693 +0008383 +0009284 +0005916 +0008018 +0008011 +0007692 -0072407 -0072106
2019-3-28 12:26:38 +0009000 +0009369 +0007467 +0008860 +0008824 +0006693 +0008384 +0009284 +0005916 +0008016 +0008012 +0007693 -0072407 -0072103
2019-3-28 12:57:51 +0008999 +0009366 +0007466 +0008859 +0008822 +0006692 +0008382 +0009283 +0005916 +0008016 +0008010 +0007691 -0072407 -0072105
2019-3-28 13:29:04 +0008998 +0009365 +0007465 +0008858 +0008822 +0006691 +0008382 +0009283 +0005914 +0008015 +0008009 +0007690 -0072407 -0072104
2019-3-28 14:00:16 +0008996 +0009365 +0007464 +0008856 +0008822 +0006692 +0008379 +0009281 +0005911 +0008015 +0008010 +0007689 -0072408 -0072106
2019-3-28 14:31:29 +0008996 +0009364 +0007465 +0008856 +0008822 +0006691 +0008380 +0009282 +0005912 +0008014 +0008009 +0007689 -0072410 -0072107
2019-3-28 15:02:42 +0008997 +0009363 +0007464 +0008859 +0008821 +0006692 +0008379 +0009282 +0005913 +0008016 +0008010 +0007690 -0072364 -0072043
2019-3-28 15:33:55 +0008997 +0009362 +0007463 +0008856 +0008823 +0006691 +0008380 +0009282 +0005913 +0008015 +0008010 +0007689 -0072405 -0072077
2019-3-28 16:05:08 +0008996 +0009364 +0007464 +0008857 +0008822 +0006694 +0008380 +0009283 +0005912 +0008017 +0008012 +0007693 -0072405 -0072088
2019-3-28 16:36:21 +0008993 +0009362 +0007462 +0008855 +0008822 +0006689 +0008377 +0009282 +0005913 +0008014 +0008011 +0007689 -0072408 -0072095
2019-3-28 17:07:34 +0008994 +0009363 +0007461 +0008855 +0008822 +0006691 +0008378 +0009282 +0005910 +0008017 +0008010 +0007691 -0072409 -0072100
2019-3-28 17:38:47 +0008995 +0009363 +0007462 +0008858 +0008824 +0006695 +0008380 +0009285 +0005913 +0008017 +0008011 +0007692 -0072403 -0072098
2019-3-28 18:09:59 +0008996 +0009362 +0007463 +0008856 +0008822 +0006691 +0008379 +0009284 +0005911 +0008019 +0008011 +0007691 -0072404 -0072098
2019-3-28 18:41:12 +0008992 +0009361 +0007459 +0008855 +0008822 +0006691 +0008377 +0009283 +0005912 +0008015 +0008011 +0007692 -0072407 -0072101
2019-3-28 19:12:25 +0008996 +0009362 +0007461 +0008856 +0008823 +0006692 +0008379 +0009283 +0005912 +0008018 +0008012 +0007690 -0072403 -0072100
2019-3-28 19:43:38 +0008995 +0009362 +0007461 +0008856 +0008824 +0006692 +0008378 +0009284 +0005910 +0008017 +0008011 +0007692 -0072403 -0072098
2019-3-28 20:14:51 +0008994 +0009362 +0007457 +0008856 +0008823 +0006692 +0008375 +0009284 +0005910 +0008016 +0008012 +0007691 -0072405 -0072100
2019-3-28 20:46:04 +0008994 +0009361 +0007460 +0008857 +0008824 +0006691 +0008377 +0009286 +0005910 +0008019 +0008011 +0007695 -0072402 -0072099
2019-3-28 21:17:16 +0008995 +0009361 +0007459 +0008858 +0008822 +0006692 +0008377 +0009286 +0005911 +0008017 +0008012 +0007692 -0072404 -0072099
2019-3-28 21:48:29 +0008990 +0009357 +0007456 +0008854 +0008821 +0006689 +0008374 +0009283 +0005907 +0008015 +0008010 +0007690 -0072407 -0072102
2019-3-28 22:19:42 +0008993 +0009360 +0007457 +0008858 +0008824 +0006692 +0008376 +0009286 +0005911 +0008018 +0008014 +0007695 -0072404 -0072099
2019-3-28 22:50:55 +0008993 +0009359 +0007454 +0008856 +0008823 +0006690 +0008376 +0009286 +0005910 +0008018 +0008011 +0007693 -0072404 -0072100
2019-3-28 23:22:08 +0008993 +0009357 +0007455 +0008855 +0008824 +0006692 +0008375 +0009285 +0005909 +0008017 +0008012 +0007692 -0072404 -0072101
2019-3-28 23:53:21 +0008991 +0009356 +0007454 +0008855 +0008823 +0006692 +0008375 +0009286 +0005911 +0008020 +0008011 +0007693 -0072404 -0072101
2019-3-29 0:24:34 +0008991 +0009358 +0007456 +0008857 +0008825 +0006693 +0008376 +0009285 +0005909 +0008019 +0008013 +0007695 -0072401 -0072099
2019-3-29 0:55:47 +0008993 +0009359 +0007454 +0008856 +0008825 +0006694 +0008376 +0009286 +0005909 +0008021 +0008014 +0007694 -0072402 -0072100
2019-3-29 1:26:59 +0008991 +0009358 +0007454 +0008855 +0008824 +0006691 +0008373 +0009284 +0005907 +0008018 +0008012 +0007692 -0072402 -0072098
2019-3-29 1:58:12 +0008993 +0009356 +0007453 +0008855 +0008824 +0006692 +0008375 +0009285 +0005908 +0008019 +0008014 +0007694 -0072402 -0072098
2019-3-29 2:29:25 +0008989 +0009355 +0007453 +0008852 +0008822 +0006692 +0008371 +0009285 +0005907 +0008017 +0008011 +0007692 -0072405 -0072101
2019-3-29 3:00:38 +0008992 +0009355 +0007451 +0008855 +0008823 +0006691 +0008374 +0009284 +0005907 +0008017 +0008014 +0007693 -0072401 -0072097
2019-3-29 3:31:51 +0008990 +0009354 +0007452 +0008855 +0008826 +0006693 +0008374 +0009286 +0005908 +0008020 +0008014 +0007694 -0072401 -0072097
2019-3-29 4:03:04 +0008990 +0009354 +0007450 +0008853 +0008825 +0006691 +0008371 +0009284 +0005904 +0008017 +0008012 +0007693 -0072391 -0072062
2019-3-29 4:34:17 +0008988 +0009353 +0007449 +0008853 +0008823 +0006691 +0008371 +0009284 +0005906 +0008018 +0008013 +0007692 -0072401 -0072076
2019-3-29 5:05:30 +0008988 +0009352 +0007448 +0008854 +0008821 +0006691 +0008369 +0009285 +0005904 +0008017 +0008011 +0007694 -0072402 -0072086
2019-3-29 5:36:42 +0008990 +0009352 +0007450 +0008854 +0008824 +0006691 +0008371 +0009285 +0005906 +0008018 +0008012 +0007694 -0072401 -0072090
2019-3-29 6:07:55 +0008990 +0009353 +0007448 +0008855 +0008824 +0006692 +0008371 +0009285 +0005906 +0008020 +0008014 +0007694 -0072401 -0072091
2019-3-29 6:39:08 +0008988 +0009350 +0007445 +0008851 +0008822 +0006691 +0008370 +0009285 +0005905 +0008017 +0008011 +0007692 -0072402 -0072094
2019-3-29 7:10:21 +0008988 +0009351 +0007449 +0008854 +0008826 +0006691 +0008372 +0009287 +0005906 +0008021 +0008012 +0007694 -0072401 -0072094
2019-3-29 7:41:34 +0008988 +0009352 +0007448 +0008854 +0008823 +0006691 +0008372 +0009286 +0005906 +0008021 +0008014 +0007694 -0072400 -0072095
2019-3-29 8:12:47 +0008989 +0009350 +0007445 +0008854 +0008823 +0006691 +0008369 +0009286 +0005903 +0008020 +0008012 +0007695 -0072401 -0072095
2019-3-29 8:44:00 +0008988 +0009351 +0007446 +0008853 +0008825 +0006694 +0008370 +0009286 +0005905 +0008022 +0008016 +0007695 -0072401 -0072093
2019-3-29 9:15:13 +0008988 +0009351 +0007444 +0008854 +0008826 +0006693 +0008369 +0009287 +0005905 +0008019 +0008014 +0007695 -0072398 -0072095
2019-3-29 9:46:25 +0008988 +0009350 +0007446 +0008853 +0008825 +0006693 +0008369 +0009288 +0005904 +0008020 +0008014 +0007696 -0072399 -0072094
2019-3-29 10:17:38 +0008987 +0009347 +0007443 +0008851 +0008824 +0006692 +0008368 +0009285 +0005902 +0008019 +0008012 +0007693 -0072402 -0072099
2019-3-29 10:48:51 +0008987 +0009348 +0007443 +0008851 +0008825 +0006691 +0008368 +0009286 +0005903 +0008018 +0008013 +0007695 -0072401 -0072096
2019-3-29 11:20:04 +0008987 +0009349 +0007443 +0008855 +0008828 +0006694 +0008369 +0009289 +0005904 +0008022 +0008014 +0007695 -0072397 -0072093
2019-3-29 11:51:17 +0008986 +0009347 +0007444 +0008853 +0008826 +0006692 +0008368 +0009286 +0005905 +0008019 +0008015 +0007696 -0072398 -0072095
2019-3-29 12:22:30 +0008984 +0009345 +0007441 +0008850 +0008822 +0006690 +0008367 +0009285 +0005901 +0008019 +0008012 +0007692 -0072400 -0072097
2019-3-29 12:53:43 +0008986 +0009348 +0007441 +0008854 +0008826 +0006690 +0008366 +0009289 +0005902 +0008021 +0008015 +0007696 -0072398 -0072093
2019-3-29 13:24:56 +0008984 +0009346 +0007441 +0008851 +0008826 +0006691 +0008367 +0009287 +0005903 +0008019 +0008014 +0007693 -0072398 -0072092
2019-3-29 13:56:08 +0008985 +0009345 +0007441 +0008852 +0008825 +0006691 +0008366 +0009287 +0005901 +0008020 +0008013 +0007696 -0072398 -0072093
2019-3-29 14:27:21 +0008985 +0009346 +0007441 +0008852 +0008825 +0006691 +0008367 +0009287 +0005904 +0008020 +0008013 +0007695 -0072397 -0072094
2019-3-29 14:58:34 +0008985 +0009344 +0007439 +0008851 +0008824 +0006691 +0008367 +0009286 +0005901 +0008023 +0008014 +0007695 -0072398 -0072093
2019-3-29 15:29:47 +0008984 +0009344 +0007440 +0008852 +0008825 +0006692 +0008366 +0009288 +0005901 +0008021 +0008015 +0007695 -0072397 -0072092
2019-3-29 16:01:00 +0008985 +0009345 +0007441 +0008853 +0008826 +0006691 +0008363 +0009287 +0005900 +0008021 +0008014 +0007696 -0072396 -0072092
2019-3-29 17:03:26 +0008982 +0009342 +0007438 +0008851 +0008824 +0006690 +0008362 +0009287 +0005900 +0008020 +0008014 +0007697 -0072391 -0072062
2019-3-29 17:34:39 +0008984 +0009343 +0007438 +0008851 +0008825 +0006692 +0008365 +0009289 +0005901 +0008021 +0008016 +0007696 -0072394 -0072072
2019-3-29 18:05:51 +0008982 +0009343 +0007438 +0008852 +0008827 +0006693 +0008365 +0009291 +0005900 +0008022 +0008015 +0007698 -0072396 -0072080
2019-3-29 18:37:04 +0008983 +0009342 +0007436 +0008851 +0008825 +0006692 +0008364 +0009288 +0005899 +0008022 +0008014 +0007695 -0072396 -0072085
2019-3-29 19:08:17 +0008981 +0009340 +0007435 +0008850 +0008825 +0006690 +0008362 +0009289 +0005898 +0008021 +0008014 +0007696 -0072398 -0072090
2019-3-29 19:39:30 +0008982 +0009342 +0007435 +0008852 +0008825 +0006691 +0008364 +0009289 +0005900 +0008023 +0008015 +0007696 -0072395 -0072085
2019-3-29 20:10:43 +0008981 +0009340 +0007433 +0008849 +0008825 +0006692 +0008362 +0009288 +0005897 +0008021 +0008012 +0007694 -0072399 -0072090
2019-3-29 20:41:56 +0008981 +0009341 +0007434 +0008850 +0008827 +0006692 +0008363 +0009289 +0005898 +0008022 +0008013 +0007696 -0072397 -0072090
2019-3-29 21:13:09 +0008982 +0009340 +0007434 +0008853 +0008828 +0006691 +0008363 +0009291 +0005898 +0008022 +0008016 +0007699 -0072394 -0072087
2019-3-29 21:44:22 +0008980 +0009339 +0007431 +0008850 +0008825 +0006691 +0008362 +0009288 +0005897 +0008020 +0008015 +0007696 -0072395 -0072090
2019-3-29 22:15:34 +0008981 +0009339 +0007432 +0008850 +0008824 +0006689 +0008361 +0009289 +0005896 +0008022 +0008014 +0007696 -0072396 -0072088
2019-3-29 22:46:47 +0008980 +0009340 +0007433 +0008850 +0008827 +0006690 +0008361 +0009291 +0005898 +0008025 +0008015 +0007699 -0072392 -0072087
2019-3-29 23:18:00 +0008979 +0009337 +0007429 +0008850 +0008826 +0006690 +0008360 +0009290 +0005897 +0008023 +0008013 +0007696 -0072396 -0072090
2019-3-29 23:49:13 +0008979 +0009337 +0007429 +0008849 +0008825 +0006691 +0008359 +0009290 +0005898 +0008023 +0008014 +0007697 -0072396 -0072089
2019-3-30 0:20:26 +0008981 +0009337 +0007431 +0008850 +0008827 +0006691 +0008362 +0009292 +0005899 +0008024 +0008015 +0007698 -0072394 -0072088
2019-3-30 0:51:39 +0008979 +0009337 +0007427 +0008850 +0008827 +0006691 +0008359 +0009290 +0005895 +0008023 +0008016 +0007696 -0072396 -0072091
2019-3-30 1:22:52 +0008981 +0009337 +0007430 +0008852 +0008827 +0006692 +0008361 +0009292 +0005897 +0008024 +0008017 +0007698 -0072392 -0072087
2019-3-30 1:54:04 +0008980 +0009335 +0007428 +0008849 +0008827 +0006691 +0008359 +0009290 +0005895 +0008022 +0008014 +0007698 -0072395 -0072088
2019-3-30 2:25:17 +0008979 +0009335 +0007426 +0008849 +0008827 +0006690 +0008359 +0009290 +0005896 +0008024 +0008015 +0007699 -0072394 -0072090
2019-3-30 2:56:30 +0008980 +0009337 +0007428 +0008850 +0008828 +0006693 +0008360 +0009295 +0005898 +0008025 +0008018 +0007699 -0072392 -0072088
2019-3-30 3:27:43 +0008980 +0009337 +0007427 +0008849 +0008827 +0006691 +0008359 +0009293 +0005896 +0008023 +0008015 +0007698 -0072394 -0072088
2019-3-30 3:58:56 +0008979 +0009336 +0007427 +0008850 +0008827 +0006691 +0008358 +0009293 +0005895 +0008024 +0008017 +0007697 -0072392 -0072087
2019-3-30 4:30:09 +0008978 +0009335 +0007426 +0008851 +0008826 +0006691 +0008359 +0009292 +0005896 +0008025 +0008016 +0007698 -0072392 -0072087
2019-3-30 5:01:22 +0008979 +0009334 +0007426 +0008851 +0008829 +0006692 +0008359 +0009293 +0005895 +0008024 +0008017 +0007697 -0072393 -0072087
2019-3-30 5:32:35 +0008976 +0009331 +0007423 +0008848 +0008825 +0006690 +0008356 +0009289 +0005891 +0008023 +0008014 +0007698 -0072355 -0072032
2019-3-30 6:03:47 +0008978 +0009335 +0007424 +0008850 +0008827 +0006691 +0008358 +0009291 +0005895 +0008024 +0008016 +0007699 -0072389 -0072061
2019-3-30 6:35:00 +0008978 +0009334 +0007425 +0008849 +0008828 +0006693 +0008359 +0009292 +0005894 +0008026 +0008017 +0007699 -0072389 -0072070
2019-3-30 7:06:13 +0008976 +0009333 +0007423 +0008849 +0008826 +0006691 +0008356 +0009292 +0005892 +0008023 +0008015 +0007698 -0072391 -0072077
2019-3-30 7:37:26 +0008979 +0009333 +0007422 +0008848 +0008828 +0006692 +0008356 +0009292 +0005892 +0008024 +0008015 +0007699 -0072393 -0072079
2019-3-30 8:08:39 +0008977 +0009332 +0007424 +0008849 +0008828 +0006692 +0008356 +0009293 +0005895 +0008026 +0008018 +0007701 -0072390 -0072082
2019-3-30 8:39:52 +0008977 +0009334 +0007423 +0008850 +0008827 +0006690 +0008355 +0009292 +0005893 +0008024 +0008017 +0007700 -0072390 -0072079
2019-3-30 9:11:05 +0008976 +0009332 +0007422 +0008850 +0008828 +0006691 +0008356 +0009292 +0005893 +0008024 +0008015 +0007698 -0072394 -0072084
2019-3-30 9:42:18 +0008976 +0009331 +0007420 +0008848 +0008829 +0006692 +0008355 +0009294 +0005893 +0008025 +0008016 +0007698 -0072391 -0072084
2019-3-30 10:13:30 +0008975 +0009331 +0007420 +0008848 +0008828 +0006691 +0008355 +0009293 +0005891 +0008023 +0008015 +0007700 -0072391 -0072085
2019-3-30 10:44:43 +0008976 +0009332 +0007420 +0008847 +0008828 +0006689 +0008356 +0009294 +0005893 +0008025 +0008016 +0007700 -0072390 -0072084
2019-3-30 11:15:56 +0008976 +0009330 +0007419 +0008848 +0008828 +0006691 +0008354 +0009292 +0005891 +0008024 +0008018 +0007700 -0072392 -0072085
2019-3-30 11:47:09 +0008975 +0009329 +0007419 +0008848 +0008827 +0006691 +0008354 +0009295 +0005891 +0008026 +0008016 +0007699 -0072392 -0072085
2019-3-30 12:18:22 +0008975 +0009330 +0007420 +0008849 +0008830 +0006692 +0008354 +0009295 +0005893 +0008025 +0008016 +0007698 -0072389 -0072086
2019-3-30 12:49:35 +0008974 +0009329 +0007417 +0008848 +0008829 +0006691 +0008355 +0009293 +0005891 +0008025 +0008016 +0007699 -0072391 -0072085
2019-3-30 13:20:48 +0008974 +0009328 +0007416 +0008847 +0008829 +0006691 +0008352 +0009294 +0005891 +0008026 +0008016 +0007700 -0072391 -0072083
2019-3-30 13:52:00 +0008972 +0009328 +0007415 +0008847 +0008829 +0006689 +0008353 +0009294 +0005889 +0008026 +0008014 +0007699 -0072393 -0072087
2019-3-30 14:23:13 +0008972 +0009328 +0007416 +0008847 +0008827 +0006690 +0008351 +0009293 +0005891 +0008024 +0008017 +0007700 -0072391 -0072084
2019-3-30 14:54:26 +0008973 +0009328 +0007417 +0008847 +0008828 +0006690 +0008351 +0009295 +0005890 +0008024 +0008016 +0007698 -0072392 -0072083
2019-3-30 15:25:39 +0008973 +0009329 +0007416 +0008849 +0008827 +0006689 +0008351 +0009295 +0005889 +0008024 +0008019 +0007700 -0072391 -0072083
2019-3-30 15:56:52 +0008974 +0009329 +0007416 +0008849 +0008830 +0006692 +0008353 +0009297 +0005892 +0008028 +0008020 +0007702 -0072387 -0072082
2019-3-30 16:28:05 +0008974 +0009327 +0007416 +0008848 +0008828 +0006692 +0008352 +0009297 +0005890 +0008028 +0008017 +0007702 -0072389 -0072082
2019-3-30 16:59:18 +0008973 +0009327 +0007415 +0008847 +0008831 +0006690 +0008352 +0009296 +0005889 +0008028 +0008019 +0007700 -0072391 -0072086
2019-3-30 17:30:30 +0008973 +0009327 +0007415 +0008848 +0008831 +0006692 +0008353 +0009298 +0005891 +0008027 +0008017 +0007700 -0072391 -0072082
2019-3-30 18:01:43 +0008973 +0009327 +0007414 +0008848 +0008831 +0006693 +0008352 +0009297 +0005889 +0008028 +0008018 +0007699 -0072389 -0072082
2019-3-30 18:32:56 +0008971 +0009323 +0007412 +0008848 +0008827 +0006690 +0008349 +0009294 +0005887 +0008024 +0008018 +0007699 -0072377 -0072042
2019-3-30 19:04:09 +0008972 +0009322 +0007411 +0008845 +0008827 +0006689 +0008349 +0009295 +0005887 +0008024 +0008014 +0007698 -0072388 -0072063
2019-3-30 19:35:22 +0008973 +0009325 +0007411 +0008848 +0008828 +0006691 +0008352 +0009296 +0005887 +0008026 +0008018 +0007700 -0072387 -0072068
2019-3-30 20:06:35 +0008971 +0009324 +0007411 +0008848 +0008829 +0006691 +0008350 +0009297 +0005890 +0008026 +0008018 +0007702 -0072387 -0072076
2019-3-30 20:37:48 +0008969 +0009322 +0007409 +0008844 +0008827 +0006690 +0008348 +0009295 +0005885 +0008025 +0008017 +0007699 -0072393 -0072081
2019-3-30 21:09:01 +0008969 +0009323 +0007408 +0008844 +0008828 +0006690 +0008349 +0009295 +0005887 +0008025 +0008016 +0007701 -0072392 -0072081
2019-3-30 21:40:13 +0008970 +0009320 +0007409 +0008845 +0008829 +0006691 +0008347 +0009295 +0005886 +0008026 +0008014 +0007699 -0072389 -0072082
2019-3-30 22:11:26 +0008972 +0009324 +0007411 +0008848 +0008831 +0006693 +0008349 +0009298 +0005887 +0008027 +0008019 +0007702 -0072388 -0072080
2019-3-30 22:42:39 +0008971 +0009323 +0007410 +0008846 +0008831 +0006692 +0008349 +0009297 +0005888 +0008028 +0008019 +0007703 -0072386 -0072079
2019-3-30 23:13:52 +0008969 +0009320 +0007409 +0008845 +0008828 +0006688 +0008347 +0009297 +0005886 +0008024 +0008017 +0007702 -0072389 -0072083
2019-3-30 23:45:05 +0008969 +0009323 +0007408 +0008846 +0008831 +0006691 +0008349 +0009297 +0005886 +0008026 +0008018 +0007702 -0072387 -0072080
2019-3-31 0:16:18 +0008969 +0009319 +0007407 +0008846 +0008829 +0006691 +0008349 +0009298 +0005886 +0008026 +0008016 +0007700 -0072392 -0072085
2019-3-31 0:47:31 +0008971 +0009322 +0007407 +0008848 +0008830 +0006691 +0008348 +0009299 +0005885 +0008028 +0008019 +0007702 -0072387 -0072079
2019-3-31 1:18:44 +0008968 +0009319 +0007408 +0008845 +0008829 +0006691 +0008347 +0009299 +0005885 +0008028 +0008019 +0007701 -0072388 -0072082
2019-3-31 1:49:56 +0008970 +0009322 +0007408 +0008847 +0008832 +0006693 +0008349 +0009301 +0005888 +0008029 +0008020 +0007703 -0072387 -0072079
2019-3-31 2:21:09 +0008968 +0009320 +0007407 +0008846 +0008830 +0006692 +0008347 +0009300 +0005886 +0008027 +0008018 +0007700 -0072389 -0072080
2019-3-31 2:52:22 +0008969 +0009320 +0007406 +0008845 +0008830 +0006692 +0008346 +0009297 +0005885 +0008027 +0008019 +0007703 -0072387 -0072079
2019-3-31 3:23:35 +0008969 +0009320 +0007407 +0008848 +0008832 +0006692 +0008348 +0009301 +0005886 +0008029 +0008019 +0007704 -0072385 -0072078
2019-3-31 3:54:48 +0008967 +0009319 +0007404 +0008846 +0008829 +0006688 +0008344 +0009298 +0005883 +0008029 +0008018 +0007702 -0072388 -0072081
2019-3-31 4:26:01 +0008970 +0009317 +0007403 +0008845 +0008831 +0006691 +0008346 +0009299 +0005884 +0008027 +0008016 +0007701 -0072387 -0072080
2019-3-31 4:57:14 +0008966 +0009319 +0007405 +0008846 +0008833 +0006693 +0008346 +0009301 +0005885 +0008028 +0008019 +0007702 -0072386 -0072079
2019-3-31 5:28:26 +0008970 +0009320 +0007405 +0008849 +0008833 +0006693 +0008348 +0009301 +0005885 +0008030 +0008021 +0007705 -0072384 -0072078
2019-3-31 5:59:39 +0008966 +0009318 +0007403 +0008844 +0008829 +0006691 +0008344 +0009300 +0005882 +0008026 +0008018 +0007701 -0072386 -0072083
2019-3-31 6:30:52 +0008969 +0009319 +0007404 +0008846 +0008833 +0006693 +0008346 +0009302 +0005885 +0008028 +0008020 +0007703 -0072384 -0072076
2019-3-31 7:02:13 +0008946 +0009301 +0007391 +0008838 +0008823 +0006687 +0008340 +0009296 +0005881 +0008026 +0008017 +0007700 -0072229 -0071918
2019-3-31 7:33:18 +0008966 +0009316 +0007401 +0008845 +0008833 +0006690 +0008343 +0009298 +0005883 +0008027 +0008016 +0007703 -0072382 -0072050
2019-3-31 8:04:31 +0008966 +0009313 +0007399 +0008843 +0008830 +0006691 +0008343 +0009300 +0005881 +0008027 +0008018 +0007701 -0072386 -0072063
2019-3-31 8:35:44 +0008965 +0009313 +0007396 +0008844 +0008829 +0006690 +0008343 +0009299 +0005879 +0008025 +0008016 +0007700 -0072390 -0072072
2019-3-31 9:06:57 +0008965 +0009315 +0007397 +0008845 +0008831 +0006691 +0008343 +0009300 +0005882 +0008027 +0008017 +0007702 -0072388 -0072073
2019-3-31 9:38:09 +0008964 +0009313 +0007397 +0008842 +0008830 +0006689 +0008341 +0009299 +0005880 +0008027 +0008017 +0007702 -0072388 -0072076
2019-3-31 10:09:22 +0008964 +0009313 +0007397 +0008842 +0008831 +0006690 +0008340 +0009300 +0005881 +0008026 +0008018 +0007702 -0072387 -0072075
2019-3-31 10:40:35 +0008966 +0009314 +0007399 +0008846 +0008833 +0006691 +0008343 +0009302 +0005882 +0008029 +0008019 +0007703 -0072383 -0072073
2019-3-31 11:11:48 +0008965 +0009313 +0007396 +0008844 +0008831 +0006692 +0008341 +0009302 +0005881 +0008028 +0008018 +0007702 -0072386 -0072079
2019-3-31 11:43:01 +0008968 +0009315 +0007400 +0008845 +0008833 +0006691 +0008342 +0009302 +0005881 +0008030 +0008019 +0007704 -0072384 -0072076
2019-3-31 12:14:14 +0008965 +0009314 +0007397 +0008844 +0008832 +0006691 +0008342 +0009303 +0005883 +0008028 +0008019 +0007706 -0072387 -0072078
2019-3-31 12:45:27 +0008965 +0009313 +0007399 +0008845 +0008833 +0006692 +0008342 +0009304 +0005882 +0008031 +0008020 +0007706 -0072383 -0072075
2019-3-31 13:16:40 +0008964 +0009313 +0007395 +0008845 +0008832 +0006691 +0008341 +0009303 +0005880 +0008028 +0008019 +0007704 -0072386 -0072077
2019-3-31 13:47:52 +0008963 +0009313 +0007396 +0008845 +0008832 +0006690 +0008341 +0009303 +0005880 +0008029 +0008019 +0007702 -0072384 -0072079
2019-3-31 14:19:05 +0008964 +0009311 +0007394 +0008843 +0008832 +0006691 +0008341 +0009303 +0005881 +0008029 +0008019 +0007705 -0072386 -0072078
2019-3-31 14:50:18 +0008963 +0009312 +0007394 +0008843 +0008832 +0006691 +0008339 +0009302 +0005880 +0008029 +0008017 +0007704 -0072386 -0072079
2019-3-31 15:21:31 +0008963 +0009312 +0007394 +0008844 +0008831 +0006692 +0008338 +0009303 +0005879 +0008030 +0008020 +0007703 -0072387 -0072078
2019-3-31 15:52:44 +0008962 +0009312 +0007394 +0008844 +0008831 +0006692 +0008339 +0009302 +0005880 +0008029 +0008019 +0007703 -0072384 -0072077
2019-3-31 16:23:57 +0008965 +0009312 +0007395 +0008846 +0008834 +0006693 +0008341 +0009305 +0005880 +0008030 +0008020 +0007706 -0072383 -0072075
2019-3-31 16:55:10 +0008963 +0009310 +0007393 +0008844 +0008833 +0006691 +0008338 +0009303 +0005879 +0008031 +0008020 +0007703 -0072386 -0072078
2019-3-31 17:26:23 +0008963 +0009310 +0007392 +0008844 +0008833 +0006691 +0008339 +0009302 +0005878 +0008028 +0008019 +0007704 -0072382 -0072077
2019-3-31 17:57:35 +0008963 +0009310 +0007393 +0008845 +0008832 +0006692 +0008341 +0009305 +0005880 +0008032 +0008021 +0007704 -0072383 -0072075
2019-3-31 18:28:48 +0008964 +0009310 +0007393 +0008844 +0008833 +0006693 +0008340 +0009304 +0005879 +0008030 +0008022 +0007705 -0072384 -0072076
2019-3-31 19:00:01 +0008963 +0009312 +0007390 +0008844 +0008834 +0006693 +0008338 +0009305 +0005880 +0008032 +0008022 +0007706 -0072383 -0072074
2019-3-31 19:31:14 +0008962 +0009309 +0007391 +0008842 +0008832 +0006692 +0008337 +0009304 +0005878 +0008031 +0008019 +0007705 -0072383 -0072075
2019-3-31 20:02:27 +0008958 +0009304 +0007387 +0008842 +0008831 +0006688 +0008336 +0009302 +0005876 +0008027 +0008018 +0007704 -0072350 -0072025
2019-3-31 20:33:40 +0008960 +0009310 +0007390 +0008841 +0008832 +0006690 +0008337 +0009304 +0005878 +0008029 +0008019 +0007704 -0072378 -0072049
2019-3-31 21:04:53 +0008963 +0009306 +0007390 +0008844 +0008833 +0006690 +0008337 +0009304 +0005878 +0008030 +0008021 +0007704 -0072382 -0072062
2019-3-31 21:36:06 +0008962 +0009308 +0007390 +0008842 +0008832 +0006690 +0008337 +0009307 +0005877 +0008031 +0008021 +0007706 -0072382 -0072067
2019-3-31 22:07:18 +0008961 +0009309 +0007389 +0008845 +0008834 +0006691 +0008337 +0009307 +0005879 +0008031 +0008021 +0007705 -0072381 -0072069
2019-3-31 22:38:31 +0008960 +0009306 +0007386 +0008841 +0008832 +0006692 +0008336 +0009305 +0005876 +0008030 +0008020 +0007704 -0072383 -0072071
2019-3-31 23:09:44 +0008961 +0009307 +0007387 +0008842 +0008833 +0006692 +0008336 +0009305 +0005877 +0008030 +0008018 +0007708 -0072382 -0072074
2019-3-31 23:40:57 +0008962 +0009309 +0007389 +0008845 +0008835 +0006693 +0008337 +0009308 +0005877 +0008032 +0008019 +0007707 -0072381 -0072071
2019-4-1 0:12:10 +0008959 +0009306 +0007386 +0008843 +0008833 +0006689 +0008336 +0009307 +0005875 +0008030 +0008019 +0007704 -0072382 -0072073
2019-4-1 0:43:23 +0008962 +0009306 +0007389 +0008844 +0008833 +0006694 +0008337 +0009307 +0005878 +0008033 +0008020 +0007707 -0072382 -0072073
2019-4-1 1:14:36 +0008962 +0009308 +0007388 +0008845 +0008836 +0006693 +0008338 +0009309 +0005879 +0008032 +0008022 +0007708 -0072381 -0072073
2019-4-1 1:45:48 +0008960 +0009304 +0007383 +0008841 +0008832 +0006691 +0008333 +0009306 +0005877 +0008029 +0008019 +0007704 -0072383 -0072075
2019-4-1 2:17:01 +0008958 +0009304 +0007386 +0008843 +0008833 +0006691 +0008334 +0009307 +0005877 +0008032 +0008022 +0007705 -0072382 -0072073
2019-4-1 2:48:14 +0008961 +0009305 +0007386 +0008843 +0008835 +0006693 +0008336 +0009307 +0005876 +0008033 +0008022 +0007707 -0072379 -0072072
2019-4-1 3:19:27 +0008960 +0009304 +0007384 +0008843 +0008833 +0006691 +0008334 +0009307 +0005876 +0008030 +0008021 +0007705 -0072382 -0072073
2019-4-1 3:50:40 +0008960 +0009306 +0007387 +0008844 +0008837 +0006693 +0008335 +0009310 +0005877 +0008035 +0008023 +0007708 -0072380 -0072073
2019-4-1 4:21:53 +0008960 +0009304 +0007384 +0008843 +0008836 +0006692 +0008334 +0009309 +0005875 +0008032 +0008021 +0007705 -0072380 -0072073
2019-4-1 4:53:06 +0008962 +0009305 +0007384 +0008844 +0008835 +0006694 +0008336 +0009311 +0005876 +0008035 +0008022 +0007708 -0072380 -0072073
2019-4-1 5:24:18 +0008959 +0009303 +0007382 +0008842 +0008834 +0006689 +0008332 +0009308 +0005875 +0008032 +0008019 +0007706 -0072380 -0072072
2019-4-1 5:55:31 +0008959 +0009304 +0007383 +0008843 +0008834 +0006691 +0008335 +0009309 +0005876 +0008032 +0008022 +0007707 -0072380 -0072073
2019-4-1 6:26:44 +0008959 +0009302 +0007382 +0008843 +0008835 +0006691 +0008334 +0009309 +0005877 +0008032 +0008022 +0007707 -0072380 -0072074
2019-4-1 6:57:57 +0008958 +0009303 +0007382 +0008841 +0008835 +0006691 +0008333 +0009308 +0005874 +0008030 +0008019 +0007707 -0072381 -0072074
2019-4-1 7:29:10 +0008957 +0009302 +0007380 +0008843 +0008836 +0006691 +0008332 +0009310 +0005872 +0008034 +0008022 +0007709 -0072382 -0072075
2019-4-1 8:00:23 +0008960 +0009301 +0007381 +0008844 +0008835 +0006693 +0008335 +0009312 +0005875 +0008034 +0008024 +0007709 -0072378 -0072071
2019-4-1 8:31:36 +0008956 +0009303 +0007380 +0008842 +0008833 +0006691 +0008331 +0009308 +0005874 +0008031 +0008020 +0007709 -0072380 -0072073
2019-4-1 9:02:49 +0008958 +0009301 +0007380 +0008843 +0008836 +0006691 +0008333 +0009311 +0005873 +0008033 +0008022 +0007707 -0072369 -0072035
2019-4-1 9:34:01 +0008957 +0009301 +0007379 +0008843 +0008834 +0006691 +0008331 +0009310 +0005873 +0008033 +0008020 +0007707 -0072377 -0072051
2019-4-1 10:05:14 +0008957 +0009300 +0007379 +0008842 +0008836 +0006692 +0008332 +0009312 +0005874 +0008034 +0008021 +0007707 -0072378 -0072059
2019-4-1 10:36:27 +0008958 +0009302 +0007380 +0008842 +0008837 +0006693 +0008332 +0009310 +0005873 +0008033 +0008022 +0007709 -0072381 -0072064
2019-4-1 11:07:40 +0008956 +0009300 +0007378 +0008842 +0008834 +0006691 +0008332 +0009310 +0005871 +0008032 +0008020 +0007706 -0072380 -0072069
2019-4-1 11:38:53 +0008959 +0009300 +0007380 +0008844 +0008837 +0006694 +0008332 +0009312 +0005875 +0008034 +0008023 +0007708 -0072377 -0072066
2019-4-1 12:10:06 +0008957 +0009299 +0007378 +0008842 +0008836 +0006692 +0008331 +0009312 +0005873 +0008032 +0008022 +0007709 -0072379 -0072068
2019-4-1 12:41:19 +0008956 +0009299 +0007378 +0008841 +0008838 +0006693 +0008331 +0009313 +0005871 +0008033 +0008023 +0007707 -0072379 -0072070
2019-4-1 13:12:32 +0008956 +0009300 +0007377 +0008842 +0008837 +0006693 +0008330 +0009313 +0005872 +0008033 +0008023 +0007708 -0072378 -0072070
2019-4-1 13:43:44 +0008955 +0009300 +0007376 +0008842 +0008835 +0006691 +0008329 +0009313 +0005871 +0008033 +0008021 +0007709 -0072379 -0072070
2019-4-1 14:14:57 +0008957 +0009299 +0007378 +0008843 +0008837 +0006693 +0008332 +0009312 +0005873 +0008035 +0008023 +0007710 -0072376 -0072068
2019-4-1 14:46:10 +0008956 +0009299 +0007374 +0008841 +0008835 +0006691 +0008329 +0009311 +0005873 +0008032 +0008022 +0007709 -0072379 -0072070
2019-4-1 15:17:23 +0008956 +0009297 +0007375 +0008842 +0008835 +0006692 +0008329 +0009312 +0005872 +0008035 +0008021 +0007710 -0072378 -0072070
2019-4-1 15:48:36 +0008954 +0009295 +0007372 +0008841 +0008835 +0006690 +0008328 +0009313 +0005870 +0008032 +0008020 +0007707 -0072381 -0072074
2019-4-1 16:19:49 +0008957 +0009300 +0007377 +0008842 +0008839 +0006693 +0008330 +0009313 +0005873 +0008035 +0008022 +0007710 -0072377 -0072069
2019-4-1 16:51:02 +0008957 +0009298 +0007375 +0008841 +0008838 +0006693 +0008331 +0009315 +0005872 +0008035 +0008023 +0007710 -0072376 -0072069
2019-4-1 17:22:14 +0008957 +0009299 +0007375 +0008843 +0008837 +0006694 +0008329 +0009316 +0005872 +0008035 +0008023 +0007709 -0072374 -0072066
2019-4-1 17:53:27 +0008955 +0009297 +0007374 +0008841 +0008838 +0006693 +0008328 +0009313 +0005872 +0008034 +0008022 +0007710 -0072377 -0072069
2019-4-1 18:24:40 +0008957 +0009298 +0007374 +0008842 +0008838 +0006693 +0008329 +0009314 +0005873 +0008036 +0008022 +0007710 -0072375 -0072068
2019-4-1 18:55:53 +0008955 +0009298 +0007373 +0008842 +0008837 +0006694 +0008328 +0009314 +0005871 +0008034 +0008023 +0007710 -0072379 -0072071
2019-4-1 19:27:06 +0008957 +0009295 +0007372 +0008843 +0008838 +0006692 +0008329 +0009315 +0005872 +0008035 +0008022 +0007709 -0072375 -0072070
2019-4-1 19:58:19 +0008954 +0009297 +0007373 +0008840 +0008837 +0006692 +0008329 +0009316 +0005871 +0008034 +0008022 +0007709 -0072376 -0072068
2019-4-1 20:29:32 +0008953 +0009294 +0007371 +0008840 +0008835 +0006693 +0008327 +0009316 +0005869 +0008032 +0008021 +0007709 -0072379 -0072072
2019-4-1 21:00:45 +0008955 +0009295 +0007370 +0008843 +0008838 +0006695 +0008328 +0009314 +0005869 +0008034 +0008024 +0007710 -0072377 -0072072
2019-4-1 21:32:04 +0008933 +0009276 +0007358 +0008830 +0008830 +0006687 +0008321 +0009310 +0005866 +0008030 +0008021 +0007709 -0072219 -0071907
2019-4-1 22:03:10 +0008954 +0009293 +0007370 +0008842 +0008837 +0006691 +0008326 +0009315 +0005866 +0008033 +0008021 +0007707 -0072372 -0072038
2019-4-1 22:34:23 +0008953 +0009294 +0007370 +0008842 +0008838 +0006693 +0008327 +0009318 +0005870 +0008034 +0008023 +0007710 -0072375 -0072052
2019-4-1 23:05:36 +0008954 +0009294 +0007371 +0008842 +0008839 +0006695 +0008326 +0009317 +0005871 +0008035 +0008024 +0007709 -0072373 -0072058
2019-4-1 23:36:49 +0008955 +0009292 +0007370 +0008840 +0008837 +0006693 +0008327 +0009316 +0005868 +0008035 +0008022 +0007709 -0072376 -0072062
2019-4-2 0:08:02 +0008954 +0009295 +0007370 +0008841 +0008837 +0006695 +0008326 +0009318 +0005869 +0008036 +0008024 +0007709 -0072375 -0072063
2019-4-2 0:39:15 +0008955 +0009293 +0007371 +0008841 +0008839 +0006694 +0008326 +0009320 +0005870 +0008036 +0008024 +0007711 -0072375 -0072065
2019-4-2 1:10:28 +0008952 +0009293 +0007368 +0008841 +0008837 +0006693 +0008325 +0009317 +0005867 +0008037 +0008022 +0007710 -0072376 -0072066
2019-4-2 1:41:40 +0008954 +0009293 +0007368 +0008842 +0008839 +0006693 +0008325 +0009319 +0005869 +0008037 +0008023 +0007710 -0072376 -0072067
2019-4-2 2:12:53 +0008953 +0009295 +0007367 +0008843 +0008838 +0006694 +0008326 +0009319 +0005868 +0008036 +0008023 +0007712 -0072376 -0072065
2019-4-2 2:44:06 +0008951 +0009292 +0007366 +0008839 +0008839 +0006691 +0008323 +0009315 +0005867 +0008034 +0008021 +0007707 -0072378 -0072069
2019-4-2 3:15:19 +0008952 +0009292 +0007369 +0008840 +0008837 +0006694 +0008324 +0009319 +0005867 +0008037 +0008025 +0007710 -0072371 -0072064
2019-4-2 3:46:32 +0008953 +0009293 +0007368 +0008842 +0008838 +0006692 +0008325 +0009318 +0005867 +0008034 +0008025 +0007709 -0072377 -0072070
2019-4-2 4:17:45 +0008952 +0009293 +0007367 +0008841 +0008839 +0006694 +0008325 +0009321 +0005868 +0008035 +0008023 +0007710 -0072374 -0072067
2019-4-2 4:48:58 +0008951 +0009292 +0007367 +0008841 +0008838 +0006694 +0008323 +0009318 +0005867 +0008035 +0008021 +0007710 -0072377 -0072070
2019-4-2 5:20:11 +0008954 +0009293 +0007366 +0008842 +0008841 +0006695 +0008326 +0009320 +0005868 +0008037 +0008027 +0007713 -0072371 -0072064
2019-4-2 5:51:23 +0008951 +0009293 +0007366 +0008842 +0008840 +0006692 +0008324 +0009319 +0005868 +0008037 +0008025 +0007712 -0072374 -0072065
2019-4-2 6:22:36 +0008952 +0009290 +0007365 +0008841 +0008838 +0006691 +0008322 +0009318 +0005866 +0008034 +0008024 +0007709 -0072375 -0072068
2019-4-2 6:53:49 +0008951 +0009290 +0007364 +0008839 +0008837 +0006693 +0008324 +0009319 +0005866 +0008034 +0008023 +0007710 -0072376 -0072068
2019-4-2 7:25:02 +0008953 +0009292 +0007366 +0008842 +0008840 +0006693 +0008325 +0009322 +0005868 +0008037 +0008026 +0007714 -0072373 -0072065
2019-4-2 7:56:15 +0008953 +0009291 +0007365 +0008840 +0008841 +0006694 +0008324 +0009321 +0005868 +0008038 +0008025 +0007710 -0072374 -0072067
2019-4-2 8:27:28 +0008952 +0009291 +0007366 +0008842 +0008841 +0006695 +0008323 +0009321 +0005866 +0008038 +0008023 +0007712 -0072373 -0072064
2019-4-2 8:58:41 +0008951 +0009290 +0007363 +0008840 +0008839 +0006694 +0008324 +0009320 +0005865 +0008036 +0008023 +0007712 -0072374 -0072068
2019-4-2 9:29:54 +0008950 +0009287 +0007363 +0008840 +0008840 +0006694 +0008321 +0009320 +0005865 +0008037 +0008024 +0007711 -0072373 -0072067
2019-4-2 10:01:06 +0008951 +0009287 +0007362 +0008840 +0008838 +0006693 +0008320 +0009319 +0005863 +0008035 +0008024 +0007712 -0072376 -0072068
2019-4-2 10:32:19 +0008950 +0009287 +0007361 +0008841 +0008842 +0006695 +0008323 +0009323 +0005866 +0008036 +0008025 +0007714 -0072339 -0072013
2019-4-2 11:03:32 +0008953 +0009288 +0007363 +0008842 +0008842 +0006696 +0008323 +0009321 +0005867 +0008038 +0008025 +0007712 -0072368 -0072039
2019-4-2 11:34:45 +0008952 +0009291 +0007364 +0008842 +0008842 +0006697 +0008324 +0009325 +0005866 +0008038 +0008027 +0007713 -0072370 -0072048
2019-4-2 12:05:58 +0008952 +0009288 +0007362 +0008840 +0008841 +0006696 +0008323 +0009324 +0005865 +0008037 +0008025 +0007713 -0072372 -0072056
2019-4-2 12:37:11 +0008950 +0009287 +0007360 +0008841 +0008840 +0006694 +0008322 +0009323 +0005863 +0008037 +0008025 +0007710 -0072372 -0072060
2019-4-2 13:08:24 +0008950 +0009289 +0007361 +0008841 +0008842 +0006696 +0008324 +0009323 +0005867 +0008039 +0008027 +0007714 -0072371 -0072060
2019-4-2 13:39:37 +0008950 +0009288 +0007359 +0008840 +0008840 +0006696 +0008321 +0009323 +0005865 +0008036 +0008024 +0007713 -0072373 -0072062
2019-4-2 14:10:49 +0008949 +0009288 +0007359 +0008840 +0008840 +0006694 +0008320 +0009323 +0005863 +0008036 +0008023 +0007711 -0072373 -0072062
2019-4-2 14:42:02 +0008950 +0009288 +0007361 +0008842 +0008841 +0006696 +0008322 +0009325 +0005868 +0008038 +0008027 +0007714 -0072371 -0072061
2019-4-2 15:13:15 +0008951 +0009288 +0007360 +0008842 +0008842 +0006695 +0008323 +0009325 +0005864 +0008039 +0008027 +0007714 -0072371 -0072061
2019-4-2 15:44:28 +0008949 +0009287 +0007360 +0008839 +0008843 +0006694 +0008321 +0009324 +0005864 +0008038 +0008024 +0007714 -0072372 -0072063
2019-4-2 16:15:41 +0008948 +0009285 +0007358 +0008839 +0008839 +0006694 +0008318 +0009323 +0005864 +0008036 +0008024 +0007713 -0072375 -0072066
2019-4-2 16:46:54 +0008951 +0009288 +0007362 +0008841 +0008843 +0006695 +0008321 +0009326 +0005866 +0008037 +0008028 +0007714 -0072369 -0072062
2019-4-2 17:18:07 +0008948 +0009285 +0007358 +0008841 +0008843 +0006695 +0008321 +0009326 +0005864 +0008038 +0008025 +0007713 -0072374 -0072062
2019-4-2 17:49:19 +0008949 +0009285 +0007359 +0008840 +0008840 +0006694 +0008319 +0009324 +0005864 +0008039 +0008024 +0007714 -0072372 -0072063
2019-4-2 18:20:32 +0008949 +0009286 +0007358 +0008841 +0008842 +0006694 +0008320 +0009325 +0005864 +0008039 +0008026 +0007714 -0072372 -0072065
2019-4-2 18:51:45 +0008950 +0009286 +0007358 +0008842 +0008841 +0006696 +0008319 +0009326 +0005864 +0008040 +0008027 +0007713 -0072369 -0072060
2019-4-2 19:22:58 +0008951 +0009288 +0007357 +0008842 +0008843 +0006695 +0008320 +0009326 +0005865 +0008038 +0008026 +0007713 -0072372 -0072063
2019-4-2 19:54:11 +0008946 +0009285 +0007357 +0008840 +0008842 +0006696 +0008318 +0009327 +0005862 +0008039 +0008025 +0007714 -0072370 -0072060
2019-4-2 20:25:24 +0008949 +0009285 +0007357 +0008841 +0008842 +0006696 +0008319 +0009327 +0005863 +0008040 +0008026 +0007714 -0072371 -0072062
2019-4-2 20:56:37 +0008948 +0009282 +0007355 +0008838 +0008840 +0006693 +0008318 +0009325 +0005861 +0008039 +0008024 +0007711 -0072374 -0072065
2019-4-2 21:27:50 +0008950 +0009283 +0007356 +0008840 +0008843 +0006695 +0008317 +0009328 +0005863 +0008038 +0008026 +0007715 -0072370 -0072062
2019-4-2 21:59:03 +0008947 +0009284 +0007355 +0008840 +0008843 +0006696 +0008318 +0009328 +0005863 +0008039 +0008024 +0007714 -0072370 -0072062
2019-4-2 22:30:15 +0008949 +0009284 +0007356 +0008841 +0008844 +0006695 +0008318 +0009327 +0005862 +0008040 +0008025 +0007716 -0072370 -0072061
2019-4-2 23:01:28 +0008950 +0009283 +0007357 +0008840 +0008844 +0006697 +0008318 +0009329 +0005862 +0008039 +0008027 +0007715 -0072371 -0072062
2019-4-2 23:32:41 +0008947 +0009283 +0007355 +0008840 +0008844 +0006695 +0008318 +0009326 +0005862 +0008039 +0008026 +0007714 -0072358 -0072025
2019-4-3 0:03:54 +0008949 +0009283 +0007356 +0008840 +0008842 +0006695 +0008318 +0009329 +0005860 +0008038 +0008025 +0007715 -0072367 -0072041
2019-4-3 0:35:07 +0008948 +0009284 +0007356 +0008841 +0008844 +0006697 +0008317 +0009329 +0005864 +0008039 +0008027 +0007714 -0072368 -0072049
2019-4-3 1:06:20 +0008949 +0009284 +0007357 +0008841 +0008843 +0006696 +0008319 +0009329 +0005863 +0008041 +0008025 +0007715 -0072367 -0072054
2019-4-3 1:37:33 +0008947 +0009281 +0007352 +0008839 +0008842 +0006696 +0008316 +0009329 +0005861 +0008038 +0008026 +0007712 -0072371 -0072058
2019-4-3 2:08:45 +0008948 +0009282 +0007352 +0008841 +0008843 +0006695 +0008317 +0009330 +0005862 +0008040 +0008028 +0007714 -0072370 -0072059
2019-4-3 2:39:58 +0008948 +0009284 +0007354 +0008841 +0008844 +0006696 +0008318 +0009329 +0005862 +0008040 +0008027 +0007717 -0072369 -0072057
2019-4-3 3:11:11 +0008948 +0009280 +0007352 +0008839 +0008843 +0006696 +0008318 +0009330 +0005860 +0008039 +0008026 +0007716 -0072370 -0072060
2019-4-3 3:42:24 +0008950 +0009283 +0007354 +0008840 +0008845 +0006697 +0008318 +0009331 +0005863 +0008041 +0008027 +0007717 -0072368 -0072056
2019-4-3 4:13:37 +0008948 +0009282 +0007353 +0008842 +0008845 +0006698 +0008317 +0009332 +0005862 +0008041 +0008028 +0007717 -0072367 -0072061
2019-4-3 4:44:50 +0008947 +0009282 +0007354 +0008841 +0008845 +0006698 +0008317 +0009332 +0005862 +0008041 +0008029 +0007718 -0072366 -0072056
2019-4-3 5:16:03 +0008947 +0009281 +0007352 +0008840 +0008843 +0006696 +0008314 +0009329 +0005860 +0008040 +0008026 +0007714 -0072370 -0072060
2019-4-3 5:47:16 +0008946 +0009282 +0007351 +0008842 +0008843 +0006695 +0008316 +0009332 +0005861 +0008041 +0008028 +0007718 -0072366 -0072060
2019-4-3 6:18:28 +0008946 +0009281 +0007352 +0008840 +0008843 +0006695 +0008315 +0009331 +0005859 +0008039 +0008026 +0007716 -0072371 -0072061
2019-4-3 6:49:41 +0008946 +0009282 +0007351 +0008841 +0008845 +0006696 +0008316 +0009331 +0005861 +0008040 +0008028 +0007717 -0072367 -0072057
2019-4-3 7:20:54 +0008945 +0009280 +0007352 +0008840 +0008844 +0006695 +0008315 +0009331 +0005860 +0008039 +0008027 +0007716 -0072366 -0072060
2019-4-3 7:52:07 +0008945 +0009278 +0007349 +0008839 +0008844 +0006694 +0008314 +0009332 +0005858 +0008038 +0008026 +0007714 -0072370 -0072062
2019-4-3 8:23:20 +0008946 +0009281 +0007350 +0008839 +0008845 +0006696 +0008315 +0009333 +0005860 +0008042 +0008028 +0007718 -0072369 -0072062
2019-4-3 8:54:33 +0008947 +0009280 +0007350 +0008839 +0008844 +0006696 +0008314 +0009332 +0005858 +0008040 +0008027 +0007716 -0072368 -0072060
2019-4-3 9:25:46 +0008946 +0009279 +0007347 +0008840 +0008843 +0006695 +0008314 +0009332 +0005859 +0008041 +0008025 +0007714 -0072368 -0072060
2019-4-3 9:56:58 +0008947 +0009281 +0007348 +0008842 +0008847 +0006697 +0008315 +0009335 +0005860 +0008041 +0008027 +0007718 -0072365 -0072057
2019-4-3 10:28:11 +0008946 +0009280 +0007348 +0008841 +0008847 +0006697 +0008314 +0009334 +0005859 +0008041 +0008028 +0007717 -0072368 -0072058
2019-4-3 10:59:24 +0008946 +0009279 +0007348 +0008841 +0008845 +0006697 +0008315 +0009335 +0005860 +0008041 +0008026 +0007716 -0072369 -0072060
2019-4-3 11:30:37 +0008949 +0009281 +0007349 +0008842 +0008848 +0006699 +0008315 +0009336 +0005859 +0008041 +0008028 +0007715 -0072366 -0072058
2019-4-3 12:01:55 +0008923 +0009262 +0007333 +0008832 +0008839 +0006692 +0008309 +0009332 +0005858 +0008038 +0008025 +0007715 -0072206 -0071893
2019-4-3 12:33:03 +0008945 +0009277 +0007346 +0008839 +0008846 +0006696 +0008312 +0009335 +0005859 +0008040 +0008027 +0007717 -0072362 -0072028
2019-4-3 13:04:16 +0008944 +0009279 +0007346 +0008841 +0008846 +0006698 +0008313 +0009337 +0005859 +0008041 +0008028 +0007717 -0072367 -0072041
2019-4-3 13:35:29 +0008942 +0009277 +0007346 +0008839 +0008844 +0006695 +0008310 +0009334 +0005857 +0008039 +0008027 +0007715 -0072367 -0072050
2019-4-3 14:06:41 +0008946 +0009279 +0007346 +0008841 +0008846 +0006697 +0008313 +0009335 +0005858 +0008041 +0008029 +0007717 -0072367 -0072052
2019-4-3 14:37:54 +0008943 +0009277 +0007345 +0008838 +0008845 +0006695 +0008311 +0009335 +0005858 +0008040 +0008027 +0007717 -0072368 -0072056
2019-4-3 15:09:07 +0008945 +0009277 +0007346 +0008839 +0008847 +0006696 +0008312 +0009337 +0005858 +0008042 +0008028 +0007717 -0072365 -0072057
2019-4-3 15:40:20 +0008945 +0009279 +0007346 +0008842 +0008847 +0006699 +0008312 +0009338 +0005859 +0008043 +0008029 +0007717 -0072363 -0072058
2019-4-3 16:11:33 +0008944 +0009278 +0007347 +0008841 +0008848 +0006698 +0008311 +0009338 +0005859 +0008042 +0008028 +0007717 -0072366 -0072058
2019-4-3 16:42:46 +0008945 +0009279 +0007347 +0008840 +0008847 +0006698 +0008312 +0009339 +0005858 +0008042 +0008030 +0007719 -0072365 -0072058
2019-4-3 17:13:59 +0008944 +0009277 +0007345 +0008841 +0008848 +0006696 +0008313 +0009337 +0005858 +0008043 +0008030 +0007718 -0072365 -0072057
2019-4-3 17:45:12 +0008944 +0009275 +0007343 +0008838 +0008844 +0006694 +0008309 +0009335 +0005854 +0008040 +0008026 +0007717 -0072368 -0072061
2019-4-3 18:16:24 +0008943 +0009277 +0007346 +0008840 +0008847 +0006698 +0008313 +0009337 +0005856 +0008043 +0008029 +0007720 -0072363 -0072056
2019-4-3 18:47:37 +0008943 +0009276 +0007343 +0008839 +0008844 +0006696 +0008310 +0009336 +0005856 +0008041 +0008028 +0007716 -0072368 -0072058
2019-4-3 19:18:50 +0008945 +0009277 +0007344 +0008841 +0008847 +0006699 +0008312 +0009339 +0005860 +0008043 +0008028 +0007718 -0072364 -0072057
2019-4-3 19:50:03 +0008944 +0009276 +0007344 +0008840 +0008847 +0006698 +0008313 +0009338 +0005858 +0008043 +0008028 +0007718 -0072364 -0072055
2019-4-3 20:21:16 +0008944 +0009275 +0007341 +0008839 +0008846 +0006695 +0008310 +0009337 +0005856 +0008044 +0008027 +0007718 -0072366 -0072061
2019-4-3 20:52:29 +0008945 +0009277 +0007344 +0008843 +0008850 +0006700 +0008311 +0009340 +0005860 +0008044 +0008032 +0007722 -0072361 -0072052
2019-4-3 21:23:42 +0008946 +0009277 +0007344 +0008842 +0008850 +0006699 +0008313 +0009341 +0005859 +0008043 +0008030 +0007720 -0072364 -0072057
2019-4-3 21:54:54 +0008943 +0009277 +0007342 +0008839 +0008849 +0006696 +0008309 +0009338 +0005856 +0008043 +0008029 +0007718 -0072365 -0072059
2019-4-3 22:26:07 +0008944 +0009276 +0007344 +0008841 +0008850 +0006699 +0008311 +0009341 +0005857 +0008044 +0008030 +0007719 -0072365 -0072056
2019-4-3 22:57:20 +0008944 +0009276 +0007343 +0008842 +0008850 +0006699 +0008311 +0009341 +0005857 +0008043 +0008030 +0007720 -0072363 -0072054
2019-4-3 23:28:33 +0008942 +0009275 +0007340 +0008839 +0008847 +0006696 +0008310 +0009339 +0005858 +0008044 +0008028 +0007719 -0072364 -0072056
2019-4-3 23:59:46 +0008943 +0009275 +0007341 +0008841 +0008849 +0006698 +0008311 +0009340 +0005857 +0008045 +0008030 +0007718 -0072364 -0072059
2019-4-4 0:30:59 +0008944 +0009274 +0007341 +0008840 +0008848 +0006698 +0008309 +0009341 +0005857 +0008043 +0008029 +0007720 -0072362 -0072054
2019-4-4 1:02:12 +0008943 +0009273 +0007339 +0008839 +0008850 +0006698 +0008308 +0009340 +0005856 +0008043 +0008030 +0007721 -0072333 -0072006
2019-4-4 1:33:25 +0008942 +0009273 +0007339 +0008838 +0008847 +0006696 +0008308 +0009339 +0005854 +0008042 +0008029 +0007719 -0072363 -0072032
2019-4-4 2:04:38 +0008941 +0009272 +0007338 +0008838 +0008847 +0006695 +0008306 +0009339 +0005854 +0008042 +0008027 +0007717 -0072367 -0072045
2019-4-4 2:35:50 +0008943 +0009272 +0007339 +0008838 +0008848 +0006696 +0008308 +0009340 +0005854 +0008043 +0008029 +0007719 -0072362 -0072047
2019-4-4 3:07:03 +0008943 +0009274 +0007341 +0008839 +0008850 +0006699 +0008309 +0009342 +0005857 +0008045 +0008032 +0007719 -0072362 -0072048
2019-4-4 3:38:16 +0008941 +0009272 +0007336 +0008838 +0008846 +0006696 +0008306 +0009339 +0005853 +0008043 +0008027 +0007719 -0072365 -0072054
2019-4-4 4:09:29 +0008940 +0009272 +0007339 +0008839 +0008847 +0006697 +0008308 +0009340 +0005855 +0008042 +0008029 +0007717 -0072361 -0072052
2019-4-4 4:40:42 +0008942 +0009271 +0007337 +0008839 +0008849 +0006696 +0008308 +0009339 +0005854 +0008043 +0008029 +0007720 -0072363 -0072055
2019-4-4 5:11:55 +0008940 +0009271 +0007337 +0008839 +0008846 +0006695 +0008306 +0009340 +0005854 +0008041 +0008028 +0007718 -0072369 -0072058
2019-4-4 5:43:08 +0008941 +0009273 +0007338 +0008839 +0008849 +0006698 +0008307 +0009343 +0005855 +0008045 +0008029 +0007721 -0072361 -0072052
2019-4-4 6:14:20 +0008941 +0009270 +0007337 +0008838 +0008847 +0006697 +0008307 +0009340 +0005855 +0008042 +0008028 +0007719 -0072361 -0072053
2019-4-4 6:45:33 +0008941 +0009271 +0007335 +0008838 +0008848 +0006698 +0008306 +0009342 +0005855 +0008043 +0008028 +0007720 -0072362 -0072057
2019-4-4 7:16:46 +0008941 +0009273 +0007336 +0008838 +0008850 +0006698 +0008305 +0009342 +0005852 +0008043 +0008028 +0007719 -0072364 -0072054
2019-4-4 7:47:59 +0008942 +0009272 +0007337 +0008840 +0008851 +0006700 +0008308 +0009344 +0005856 +0008043 +0008031 +0007721 -0072362 -0072053
2019-4-4 8:19:12 +0008941 +0009272 +0007335 +0008840 +0008849 +0006699 +0008307 +0009344 +0005854 +0008044 +0008029 +0007719 -0072363 -0072056
2019-4-4 8:50:25 +0008940 +0009271 +0007337 +0008840 +0008850 +0006699 +0008305 +0009342 +0005853 +0008043 +0008031 +0007719 -0072362 -0072054
2019-4-4 9:21:38 +0008940 +0009272 +0007335 +0008839 +0008850 +0006697 +0008306 +0009343 +0005852 +0008044 +0008030 +0007721 -0072363 -0072054
2019-4-4 9:52:50 +0008943 +0009271 +0007336 +0008841 +0008850 +0006699 +0008307 +0009344 +0005855 +0008045 +0008030 +0007721 -0072362 -0072054
2019-4-4 10:24:03 +0008940 +0009270 +0007334 +0008838 +0008848 +0006698 +0008305 +0009344 +0005852 +0008045 +0008028 +0007722 -0072363 -0072053
2019-4-4 10:55:16 +0008941 +0009272 +0007335 +0008840 +0008850 +0006697 +0008305 +0009345 +0005853 +0008045 +0008029 +0007720 -0072360 -0072053
2019-4-4 11:26:29 +0008941 +0009270 +0007334 +0008838 +0008851 +0006697 +0008304 +0009344 +0005852 +0008045 +0008030 +0007719 -0072360 -0072051
2019-4-4 11:57:42 +0008942 +0009272 +0007337 +0008839 +0008852 +0006701 +0008307 +0009346 +0005854 +0008045 +0008031 +0007721 -0072358 -0072051
2019-4-4 12:28:55 +0008943 +0009273 +0007337 +0008842 +0008853 +0006700 +0008306 +0009347 +0005855 +0008047 +0008032 +0007722 -0072361 -0072051
2019-4-4 13:00:08 +0008940 +0009270 +0007335 +0008841 +0008852 +0006699 +0008307 +0009345 +0005854 +0008046 +0008030 +0007720 -0072361 -0072051
2019-4-4 13:31:21 +0008940 +0009270 +0007336 +0008841 +0008851 +0006701 +0008306 +0009348 +0005854 +0008045 +0008032 +0007724 -0072358 -0072049
2019-4-4 14:02:33 +0008938 +0009266 +0007332 +0008838 +0008850 +0006697 +0008302 +0009344 +0005851 +0008045 +0008030 +0007719 -0072350 -0072017
2019-4-4 14:33:46 +0008941 +0009271 +0007334 +0008841 +0008851 +0006700 +0008304 +0009347 +0005853 +0008045 +0008030 +0007721 -0072359 -0072030
2019-4-4 15:04:59 +0008941 +0009271 +0007333 +0008839 +0008852 +0006700 +0008305 +0009348 +0005855 +0008045 +0008031 +0007722 -0072359 -0072041
2019-4-4 15:36:12 +0008941 +0009272 +0007335 +0008841 +0008854 +0006701 +0008305 +0009348 +0005853 +0008046 +0008032 +0007724 -0072358 -0072043
2019-4-4 16:07:25 +0008942 +0009269 +0007334 +0008840 +0008853 +0006700 +0008304 +0009346 +0005852 +0008046 +0008031 +0007722 -0072358 -0072048
2019-4-4 16:38:38 +0008940 +0009269 +0007334 +0008841 +0008852 +0006701 +0008305 +0009349 +0005854 +0008047 +0008032 +0007722 -0072361 -0072049
2019-4-4 17:09:51 +0008941 +0009271 +0007334 +0008841 +0008854 +0006702 +0008305 +0009348 +0005854 +0008047 +0008032 +0007723 -0072357 -0072049
2019-4-4 17:41:03 +0008939 +0009271 +0007332 +0008841 +0008852 +0006701 +0008303 +0009349 +0005852 +0008046 +0008031 +0007723 -0072358 -0072050
2019-4-4 18:12:16 +0008938 +0009269 +0007332 +0008840 +0008853 +0006700 +0008304 +0009348 +0005852 +0008045 +0008029 +0007721 -0072361 -0072051
2019-4-4 18:43:29 +0008940 +0009269 +0007332 +0008839 +0008852 +0006700 +0008303 +0009349 +0005852 +0008046 +0008031 +0007723 -0072360 -0072051
2019-4-4 19:14:42 +0008941 +0009270 +0007334 +0008840 +0008853 +0006702 +0008303 +0009349 +0005853 +0008047 +0008032 +0007724 -0072357 -0072050
2019-4-4 19:45:55 +0008939 +0009268 +0007331 +0008838 +0008852 +0006699 +0008302 +0009347 +0005852 +0008046 +0008029 +0007722 -0072357 -0072048
2019-4-4 20:17:08 +0008938 +0009267 +0007332 +0008839 +0008851 +0006699 +0008301 +0009347 +0005852 +0008045 +0008032 +0007721 -0072359 -0072052
2019-4-4 20:48:21 +0008939 +0009267 +0007332 +0008839 +0008852 +0006700 +0008303 +0009350 +0005853 +0008046 +0008033 +0007721 -0072360 -0072051
2019-4-4 21:19:34 +0008941 +0009271 +0007331 +0008843 +0008854 +0006703 +0008304 +0009352 +0005851 +0008047 +0008032 +0007724 -0072356 -0072047
2019-4-4 21:50:46 +0008941 +0009269 +0007333 +0008842 +0008854 +0006703 +0008304 +0009352 +0005853 +0008047 +0008032 +0007723 -0072357 -0072047
2019-4-4 22:21:59 +0008941 +0009268 +0007330 +0008839 +0008853 +0006700 +0008303 +0009351 +0005852 +0008046 +0008032 +0007722 -0072357 -0072050
2019-4-4 22:53:12 +0008939 +0009266 +0007329 +0008838 +0008853 +0006701 +0008303 +0009352 +0005851 +0008046 +0008029 +0007723 -0072359 -0072051
2019-4-4 23:24:25 +0008940 +0009267 +0007330 +0008841 +0008853 +0006701 +0008304 +0009351 +0005852 +0008045 +0008031 +0007723 -0072360 -0072049
2019-4-4 23:55:38 +0008938 +0009268 +0007329 +0008839 +0008854 +0006702 +0008303 +0009353 +0005850 +0008047 +0008032 +0007724 -0072355 -0072048
2019-4-5 0:26:51 +0008940 +0009269 +0007331 +0008841 +0008854 +0006702 +0008302 +0009353 +0005852 +0008049 +0008032 +0007722 -0072358 -0072050
2019-4-5 0:58:04 +0008940 +0009267 +0007329 +0008840 +0008854 +0006702 +0008302 +0009354 +0005851 +0008048 +0008032 +0007724 -0072358 -0072049
2019-4-5 1:29:17 +0008940 +0009269 +0007330 +0008841 +0008855 +0006701 +0008303 +0009354 +0005852 +0008049 +0008032 +0007725 -0072356 -0072047
2019-4-5 2:00:29 +0008939 +0009268 +0007329 +0008841 +0008854 +0006702 +0008302 +0009353 +0005851 +0008046 +0008034 +0007724 -0072355 -0072047
2019-4-5 2:31:46 +0008916 +0009249 +0007314 +0008829 +0008846 +0006698 +0008297 +0009347 +0005847 +0008044 +0008032 +0007723 -0072198 -0071884
2019-4-5 3:02:55 +0008939 +0009268 +0007329 +0008840 +0008854 +0006700 +0008302 +0009353 +0005851 +0008047 +0008033 +0007723 -0072351 -0072017
2019-4-5 3:34:08 +0008938 +0009265 +0007327 +0008840 +0008855 +0006701 +0008300 +0009354 +0005849 +0008048 +0008032 +0007721 -0072356 -0072030
2019-4-5 4:05:21 +0008939 +0009267 +0007329 +0008841 +0008852 +0006701 +0008303 +0009353 +0005851 +0008048 +0008034 +0007725 -0072355 -0072038
2019-4-5 4:36:34 +0008939 +0009265 +0007329 +0008840 +0008855 +0006702 +0008301 +0009354 +0005851 +0008047 +0008031 +0007724 -0072356 -0072043
2019-4-5 5:07:47 +0008938 +0009267 +0007328 +0008841 +0008855 +0006702 +0008301 +0009355 +0005852 +0008047 +0008030 +0007725 -0072354 -0072041
2019-4-5 5:39:00 +0008939 +0009266 +0007328 +0008841 +0008856 +0006702 +0008303 +0009355 +0005851 +0008047 +0008033 +0007727 -0072354 -0072042
2019-4-5 6:10:12 +0008939 +0009266 +0007326 +0008840 +0008855 +0006701 +0008301 +0009353 +0005849 +0008048 +0008031 +0007725 -0072357 -0072045
2019-4-5 6:41:25 +0008940 +0009266 +0007327 +0008839 +0008856 +0006702 +0008303 +0009353 +0005852 +0008048 +0008034 +0007726 -0072355 -0072044
2019-4-5 7:12:38 +0008941 +0009266 +0007327 +0008840 +0008855 +0006704 +0008303 +0009356 +0005851 +0008051 +0008034 +0007725 -0072354 -0072042
2019-4-5 7:43:51 +0008938 +0009264 +0007327 +0008841 +0008856 +0006702 +0008300 +0009354 +0005849 +0008047 +0008033 +0007725 -0072356 -0072046
2019-4-5 8:15:04 +0008940 +0009265 +0007326 +0008841 +0008857 +0006703 +0008300 +0009358 +0005850 +0008049 +0008032 +0007723 -0072354 -0072045
