2019-3-27 8:47:38 +2097152 +0005812 +0005520 +0007187 +0005701 +0006084 +0007395 +0006453 +0005060 +0007531 +0006395 +0004766 -0072502 -0072795
2019-3-27 8:49:43 +2097152 +0005813 +0005521 +0007188 +0005702 +0006087 +0007396 +0006452 +0005061 +0007530 +0006395 +0004767 -0072506 -0072799
2019-3-27 8:51:48 +2097152 +0005811 +0005520 +0007188 +0005702 +0006083 +0007396 +0006453 +0005061 +0007532 +0006394 +0004766 -0072508 -0072801
2019-3-27 8:58:24 +2097152 +0005813 +0005520 +0007189 +0005703 +0006085 +0007396 +0006452 +0005061 +0007532 +0006396 +0004769 -0072506 -0072802
2019-3-27 9:12:20 +2097152 +0005813 +0005521 +0007189 +0005702 +0006085 +0007398 +0006452 +0005059 +0007531 +0006397 +0004768 -0072508 -0072845
2019-3-27 9:18:15 +2097152 +0005810 +0005520 +0007188 +0005701 +0006083 +0007396 +0006451 +0005058 +0007528 +0006394 +0004766 -0072511 -0072843
2019-3-27 9:49:27 +2097152 +0005811 +0005519 +0007188 +0005701 +0006084 +0007395 +0006451 +0005060 +0007530 +0006395 +0004767 -0072510 -0072846
2019-3-27 10:20:40 +2097152 +0005812 +0005520 +0007188 +0005701 +0006083 +0007394 +0006451 +0005058 +0007530 +0006394 +0004767 -0072509 -0072849
2019-3-27 10:51:53 +2097152 +0005811 +0005520 +0007189 +0005702 +0006082 +0007393 +0006451 +0005059 +0007528 +0006396 +0004768 -0072509 -0072847
2019-3-27 11:23:06 +2097152 +0005810 +0005520 +0007189 +0005700 +0006082 +0007392 +0006451 +0005058 +0007529 +0006394 +0004769 -0072510 -0072848
2019-3-27 11:54:19 +2097152 +0005810 +0005519 +0007188 +0005701 +0006083 +0007392 +0006450 +0005058 +0007528 +0006394 +0004767 -0072511 -0072849
2019-3-27 12:25:32 +2097152 +0005810 +0005520 +0007189 +0005701 +0006083 +0007393 +0006452 +0005058 +0007529 +0006393 +0004767 -0072509 -0072847
2019-3-27 12:56:45 +2097152 +0005810 +0005522 +0007190 +0005701 +0006082 +0007395 +0006451 +0005058 +0007530 +0006395 +0004768 -0072508 -0072847
2019-3-27 13:27:58 +2097152 +0005809 +0005520 +0007189 +0005700 +0006082 +0007392 +0006449 +0005058 +0007528 +0006395 +0004770 -0072508 -0072846
2019-3-27 13:59:11 +2097152 +0005811 +0005522 +0007190 +0005702 +0006083 +0007394 +0006452 +0005060 +0007530 +0006396 +0004770 -0072506 -0072845
2019-3-27 14:30:23 +2097152 +0005811 +0005522 +0007190 +0005702 +0006083 +0007392 +0006453 +0005058 +0007530 +0006395 +0004770 -0072508 -0072846
2019-3-27 15:01:41 +2097152 +0005799 +0005512 +0007184 +0005697 +0006078 +0007388 +0006448 +0005055 +0007527 +0006391 +0004766 -0072345 -0072664
2019-3-27 15:32:49 +2097152 +0005809 +0005520 +0007188 +0005701 +0006081 +0007391 +0006451 +0005056 +0007529 +0006394 +0004766 -0072503 -0072801
2019-3-27 16:04:02 +2097152 +0005810 +0005521 +0007189 +0005702 +0006082 +0007390 +0006450 +0005056 +0007529 +0006395 +0004767 -0072506 -0072821
2019-3-27 16:35:15 +2097152 +0005808 +0005521 +0007190 +0005702 +0006081 +0007389 +0006452 +0005057 +0007528 +0006393 +0004769 -0072507 -0072831
2019-3-27 17:06:28 +2097152 +0005810 +0005523 +0007193 +0005702 +0006083 +0007392 +0006454 +0005058 +0007530 +0006396 +0004770 -0072506 -0072868
2019-3-27 18:08:53 +2097152 +0005809 +0005522 +0007190 +0005702 +0006083 +0007392 +0006451 +0005056 +0007527 +0006396 +0004770 -0072506 -0072854
2019-3-28 11:55:25 +2097152 +0005798 +0005523 +0007195 +0005697 +0006072 +0007377 +0006449 +0005048 +0007523 +0006394 +0004773 -0072502 -0072865
2019-3-28 12:26:37 +2097152 +0005799 +0005523 +0007196 +0005698 +0006072 +0007377 +0006450 +0005048 +0007524 +0006395 +0004773 -0072498 -0072859
2019-3-28 12:57:50 +2097152 +0005801 +0005525 +0007197 +0005701 +0006075 +0007379 +0006453 +0005049 +0007527 +0006397 +0004773 -0072498 -0072856
2019-3-28 13:29:03 +2097152 +0005800 +0005524 +0007196 +0005699 +0006073 +0007378 +0006448 +0005047 +0007524 +0006395 +0004774 -0072496 -0072858
2019-3-28 14:00:16 +2097152 +0005800 +0005526 +0007198 +0005701 +0006073 +0007379 +0006451 +0005049 +0007525 +0006398 +0004775 -0072497 -0072858
2019-3-28 14:31:29 +2097152 +0005801 +0005526 +0007198 +0005700 +0006072 +0007377 +0006451 +0005046 +0007525 +0006398 +0004775 -0072498 -0072858
2019-3-28 15:02:42 +2097152 +0005801 +0005526 +0007198 +0005700 +0006075 +0007377 +0006451 +0005047 +0007525 +0006396 +0004776 -0072500 -0072858
2019-3-28 15:33:55 +2097152 +0005798 +0005521 +0007196 +0005700 +0006074 +0007376 +0006448 +0005046 +0007525 +0006395 +0004775 -0072393 -0072739
2019-3-28 16:05:08 +2097152 +0005799 +0005526 +0007200 +0005702 +0006074 +0007378 +0006451 +0005047 +0007525 +0006398 +0004777 -0072493 -0072817
2019-3-28 16:36:20 +2097152 +0005803 +0005528 +0007200 +0005703 +0006075 +0007378 +0006452 +0005050 +0007530 +0006398 +0004776 -0072492 -0072832
2019-3-28 17:07:33 +2097152 +0005798 +0005526 +0007200 +0005700 +0006073 +0007375 +0006450 +0005047 +0007527 +0006397 +0004777 -0072495 -0072844
2019-3-28 17:38:46 +2097152 +0005797 +0005525 +0007197 +0005700 +0006074 +0007374 +0006452 +0005044 +0007524 +0006395 +0004773 -0072499 -0072851
2019-3-28 18:09:59 +2097152 +0005800 +0005526 +0007201 +0005701 +0006074 +0007377 +0006451 +0005045 +0007527 +0006397 +0004776 -0072496 -0072850
2019-3-28 18:41:12 +2097152 +0005798 +0005525 +0007200 +0005700 +0006072 +0007376 +0006453 +0005047 +0007527 +0006396 +0004777 -0072495 -0072852
2019-3-28 19:12:25 +2097152 +0005797 +0005526 +0007199 +0005699 +0006072 +0007374 +0006451 +0005045 +0007525 +0006395 +0004775 -0072497 -0072856
2019-3-28 19:43:38 +2097152 +0005796 +0005525 +0007199 +0005698 +0006070 +0007375 +0006450 +0005046 +0007523 +0006396 +0004776 -0072497 -0072853
2019-3-28 20:14:50 +2097152 +0005800 +0005528 +0007202 +0005700 +0006073 +0007375 +0006452 +0005048 +0007528 +0006399 +0004778 -0072492 -0072850
2019-3-28 20:46:03 +2097152 +0005798 +0005527 +0007200 +0005703 +0006074 +0007376 +0006452 +0005047 +0007526 +0006398 +0004778 -0072496 -0072854
2019-3-28 21:17:16 +2097152 +0005797 +0005529 +0007202 +0005699 +0006072 +0007375 +0006452 +0005046 +0007525 +0006395 +0004777 -0072495 -0072851
2019-3-28 21:48:29 +2097152 +0005797 +0005528 +0007201 +0005700 +0006074 +0007375 +0006453 +0005047 +0007527 +0006397 +0004778 -0072491 -0072850
2019-3-28 22:19:42 +2097152 +0005796 +0005525 +0007201 +0005698 +0006070 +0007372 +0006448 +0005044 +0007524 +0006397 +0004777 -0072494 -0072854
2019-3-28 22:50:55 +2097152 +0005797 +0005527 +0007204 +0005701 +0006070 +0007372 +0006450 +0005045 +0007524 +0006398 +0004778 -0072495 -0072854
2019-3-28 23:22:08 +2097152 +0005797 +0005526 +0007202 +0005698 +0006071 +0007373 +0006451 +0005044 +0007525 +0006396 +0004777 -0072494 -0072854
2019-3-28 23:53:21 +2097152 +0005797 +0005527 +0007201 +0005698 +0006071 +0007373 +0006450 +0005044 +0007525 +0006396 +0004777 -0072496 -0072855
2019-3-29 0:24:34 +2097152 +0005794 +0005527 +0007201 +0005700 +0006069 +0007371 +0006451 +0005046 +0007525 +0006396 +0004777 -0072492 -0072855
2019-3-29 0:55:46 +2097152 +0005796 +0005526 +0007202 +0005698 +0006068 +0007371 +0006449 +0005044 +0007523 +0006395 +0004776 -0072496 -0072854
2019-3-29 1:26:59 +2097152 +0005796 +0005526 +0007202 +0005699 +0006068 +0007371 +0006450 +0005043 +0007523 +0006397 +0004778 -0072493 -0072852
2019-3-29 1:58:12 +2097152 +0005794 +0005528 +0007203 +0005700 +0006068 +0007370 +0006450 +0005045 +0007524 +0006398 +0004778 -0072494 -0072854
2019-3-29 2:29:25 +2097152 +0005794 +0005527 +0007201 +0005698 +0006069 +0007371 +0006450 +0005043 +0007523 +0006396 +0004779 -0072493 -0072853
2019-3-29 3:00:38 +2097152 +0005796 +0005529 +0007205 +0005701 +0006069 +0007372 +0006451 +0005044 +0007525 +0006397 +0004779 -0072494 -0072854
2019-3-29 3:31:51 +2097152 +0005796 +0005528 +0007205 +0005699 +0006069 +0007370 +0006452 +0005044 +0007525 +0006398 +0004779 -0072493 -0072852
2019-3-29 4:03:03 +2097152 +0005796 +0005528 +0007205 +0005700 +0006069 +0007370 +0006451 +0005044 +0007523 +0006397 +0004778 -0072491 -0072853
2019-3-29 4:34:16 +2097152 +0005792 +0005527 +0007203 +0005698 +0006068 +0007369 +0006449 +0005042 +0007523 +0006396 +0004777 -0072470 -0072793
2019-3-29 5:05:29 +2097152 +0005794 +0005527 +0007204 +0005701 +0006069 +0007368 +0006450 +0005044 +0007524 +0006398 +0004779 -0072489 -0072818
2019-3-29 5:36:42 +2097152 +0005794 +0005528 +0007205 +0005700 +0006067 +0007369 +0006451 +0005042 +0007522 +0006398 +0004779 -0072491 -0072836
2019-3-29 6:07:55 +2097152 +0005794 +0005529 +0007205 +0005700 +0006068 +0007368 +0006449 +0005042 +0007523 +0006398 +0004779 -0072491 -0072841
2019-3-29 6:39:08 +2097152 +0005793 +0005529 +0007204 +0005698 +0006068 +0007369 +0006449 +0005043 +0007523 +0006397 +0004779 -0072493 -0072847
2019-3-29 7:10:21 +2097152 +0005792 +0005529 +0007205 +0005700 +0006068 +0007366 +0006450 +0005042 +0007523 +0006398 +0004781 -0072492 -0072848
2019-3-29 7:41:34 +2097152 +0005792 +0005527 +0007206 +0005698 +0006065 +0007366 +0006447 +0005041 +0007522 +0006395 +0004778 -0072494 -0072851
2019-3-29 8:12:46 +2097152 +0005793 +0005528 +0007206 +0005698 +0006067 +0007366 +0006449 +0005041 +0007524 +0006398 +0004780 -0072491 -0072849
2019-3-29 8:43:59 +2097152 +0005794 +0005529 +0007208 +0005701 +0006067 +0007368 +0006451 +0005043 +0007524 +0006401 +0004780 -0072489 -0072849
2019-3-29 9:15:12 +2097152 +0005795 +0005531 +0007208 +0005702 +0006069 +0007370 +0006453 +0005045 +0007527 +0006402 +0004780 -0072491 -0072850
2019-3-29 9:46:25 +2097152 +0005793 +0005530 +0007208 +0005701 +0006068 +0007367 +0006451 +0005042 +0007525 +0006398 +0004778 -0072491 -0072850
2019-3-29 10:17:38 +2097152 +0005792 +0005530 +0007206 +0005699 +0006065 +0007366 +0006450 +0005040 +0007523 +0006397 +0004782 -0072490 -0072849
2019-3-29 10:48:51 +2097152 +0005795 +0005530 +0007209 +0005697 +0006068 +0007366 +0006451 +0005042 +0007524 +0006397 +0004780 -0072490 -0072852
2019-3-29 11:20:04 +2097152 +0005793 +0005529 +0007207 +0005699 +0006065 +0007366 +0006450 +0005041 +0007522 +0006398 +0004780 -0072492 -0072850
2019-3-29 11:51:17 +2097152 +0005791 +0005529 +0007206 +0005699 +0006065 +0007364 +0006449 +0005039 +0007522 +0006399 +0004781 -0072489 -0072849
2019-3-29 12:22:29 +2097152 +0005790 +0005529 +0007207 +0005699 +0006065 +0007365 +0006449 +0005038 +0007521 +0006396 +0004781 -0072491 -0072852
2019-3-29 13:24:55 +2097152 +0005790 +0005528 +0007205 +0005698 +0006063 +0007361 +0006446 +0005037 +0007520 +0006395 +0004778 -0072492 -0072852
2019-3-29 13:56:08 +2097152 +0005790 +0005532 +0007209 +0005702 +0006065 +0007366 +0006449 +0005041 +0007523 +0006398 +0004780 -0072488 -0072849
2019-3-29 14:27:21 +2097152 +0005791 +0005530 +0007209 +0005700 +0006066 +0007364 +0006449 +0005040 +0007524 +0006398 +0004780 -0072489 -0072849
2019-3-29 14:58:34 +2097152 +0005791 +0005530 +0007210 +0005701 +0006065 +0007364 +0006451 +0005041 +0007523 +0006397 +0004782 -0072490 -0072850
2019-3-29 15:29:47 +2097152 +0005791 +0005529 +0007208 +0005698 +0006064 +0007360 +0006449 +0005039 +0007523 +0006398 +0004780 -0072491 -0072849
2019-3-29 16:01:00 +2097152 +0005793 +0005531 +0007211 +0005701 +0006067 +0007364 +0006450 +0005042 +0007525 +0006399 +0004782 -0072487 -0072847
2019-3-29 16:32:12 +2097152 +0005790 +0005532 +0007209 +0005700 +0006065 +0007361 +0006446 +0005040 +0007523 +0006398 +0004781 -0072489 -0072846
2019-3-29 17:03:25 +2097152 +0005789 +0005530 +0007210 +0005699 +0006064 +0007362 +0006449 +0005038 +0007523 +0006398 +0004780 -0072490 -0072850
2019-3-29 17:34:38 +2097152 +0005790 +0005531 +0007211 +0005699 +0006064 +0007362 +0006448 +0005037 +0007523 +0006397 +0004781 -0072481 -0072801
2019-3-29 18:05:51 +2097152 +0005789 +0005531 +0007211 +0005699 +0006063 +0007363 +0006448 +0005037 +0007522 +0006398 +0004782 -0072487 -0072824
2019-3-29 18:37:04 +2097152 +0005789 +0005531 +0007210 +0005698 +0006063 +0007360 +0006450 +0005039 +0007523 +0006399 +0004782 -0072487 -0072835
2019-3-29 19:08:17 +2097152 +0005789 +0005531 +0007209 +0005700 +0006062 +0007360 +0006450 +0005038 +0007523 +0006399 +0004783 -0072486 -0072841
2019-3-29 19:39:30 +2097152 +0005789 +0005532 +0007212 +0005699 +0006063 +0007361 +0006448 +0005037 +0007522 +0006397 +0004783 -0072491 -0072941
2019-3-29 20:10:42 +2097152 +0005787 +0005532 +0007209 +0005698 +0006060 +0007358 +0006447 +0005037 +0007522 +0006399 +0004781 -0072492 -0072936
2019-3-29 20:41:55 +2097152 +0005789 +0005531 +0007209 +0005698 +0006061 +0007358 +0006446 +0005035 +0007522 +0006396 +0004780 -0072494 -0072856
2019-3-29 21:13:08 +2097152 +0005788 +0005529 +0007209 +0005697 +0006060 +0007357 +0006446 +0005035 +0007519 +0006397 +0004780 -0072491 -0072854
2019-3-29 21:44:21 +2097152 +0005785 +0005531 +0007211 +0005698 +0006061 +0007359 +0006446 +0005038 +0007520 +0006399 +0004785 -0072489 -0072850
2019-3-29 22:15:34 +2097152 +0005789 +0005533 +0007214 +0005700 +0006061 +0007360 +0006449 +0005039 +0007523 +0006400 +0004782 -0072486 -0072849
2019-3-29 22:46:47 +2097152 +0005789 +0005531 +0007211 +0005697 +0006062 +0007358 +0006448 +0005036 +0007522 +0006400 +0004785 -0072486 -0072849
2019-3-29 23:18:00 +2097152 +0005787 +0005530 +0007209 +0005697 +0006058 +0007356 +0006446 +0005033 +0007518 +0006396 +0004781 -0072490 -0072852
2019-3-29 23:49:13 +2097152 +0005789 +0005533 +0007211 +0005700 +0006061 +0007356 +0006449 +0005036 +0007521 +0006400 +0004785 -0072486 -0072848
2019-3-30 0:20:25 +2097152 +0005788 +0005536 +0007217 +0005702 +0006061 +0007358 +0006450 +0005036 +0007524 +0006401 +0004784 -0072486 -0072844
2019-3-30 0:51:38 +2097152 +0005788 +0005533 +0007214 +0005698 +0006060 +0007357 +0006448 +0005036 +0007520 +0006401 +0004786 -0072486 -0072848
2019-3-30 1:22:51 +2097152 +0005787 +0005533 +0007213 +0005698 +0006058 +0007356 +0006448 +0005037 +0007521 +0006399 +0004784 -0072485 -0072850
2019-3-30 1:54:04 +2097152 +0005789 +0005534 +0007215 +0005701 +0006061 +0007358 +0006449 +0005037 +0007524 +0006399 +0004784 -0072485 -0072848
2019-3-30 2:25:17 +2097152 +0005786 +0005532 +0007213 +0005697 +0006058 +0007353 +0006448 +0005035 +0007520 +0006399 +0004782 -0072485 -0072848
2019-3-30 2:56:30 +2097152 +0005787 +0005533 +0007214 +0005699 +0006059 +0007355 +0006448 +0005034 +0007522 +0006400 +0004785 -0072485 -0072848
2019-3-30 3:27:43 +2097152 +0005784 +0005533 +0007214 +0005698 +0006060 +0007355 +0006449 +0005035 +0007522 +0006399 +0004786 -0072485 -0072847
2019-3-30 3:58:56 +2097152 +0005785 +0005533 +0007211 +0005698 +0006058 +0007353 +0006446 +0005035 +0007520 +0006397 +0004784 -0072486 -0072851
2019-3-30 4:30:08 +2097152 +0005785 +0005533 +0007213 +0005700 +0006059 +0007355 +0006448 +0005033 +0007520 +0006398 +0004786 -0072484 -0072846
2019-3-30 5:01:21 +2097152 +0005784 +0005531 +0007212 +0005698 +0006056 +0007352 +0006446 +0005033 +0007518 +0006396 +0004782 -0072487 -0072847
2019-3-30 5:32:34 +2097152 +0005787 +0005535 +0007216 +0005699 +0006059 +0007353 +0006449 +0005035 +0007522 +0006399 +0004785 -0072486 -0072849
2019-3-30 6:03:47 +2097152 +0005782 +0005533 +0007212 +0005699 +0006057 +0007351 +0006447 +0005032 +0007520 +0006397 +0004785 -0072382 -0072732
2019-3-30 6:35:00 +2097152 +0005785 +0005534 +0007215 +0005700 +0006057 +0007351 +0006449 +0005034 +0007521 +0006398 +0004786 -0072477 -0072810
2019-3-30 7:06:13 +2097152 +0005784 +0005534 +0007215 +0005697 +0006055 +0007353 +0006447 +0005034 +0007521 +0006398 +0004784 -0072482 -0072827
2019-3-30 7:37:26 +2097152 +0005786 +0005537 +0007219 +0005701 +0006057 +0007355 +0006450 +0005036 +0007521 +0006400 +0004785 -0072482 -0072834
2019-3-30 8:08:38 +2097152 +0005784 +0005536 +0007217 +0005700 +0006056 +0007350 +0006450 +0005033 +0007520 +0006400 +0004787 -0072483 -0072842
2019-3-30 8:39:52 +2097152 +0005784 +0005535 +0007214 +0005698 +0006057 +0007350 +0006450 +0005034 +0007520 +0006402 +0004785 -0072482 -0072841
2019-3-30 9:11:04 +2097152 +0005783 +0005534 +0007215 +0005697 +0006055 +0007349 +0006447 +0005032 +0007521 +0006399 +0004784 -0072483 -0072841
2019-3-30 9:42:17 +2097152 +0005784 +0005535 +0007216 +0005697 +0006057 +0007350 +0006447 +0005033 +0007519 +0006400 +0004785 -0072482 -0072844
2019-3-30 10:13:30 +2097152 +0005785 +0005534 +0007217 +0005700 +0006056 +0007351 +0006448 +0005032 +0007521 +0006399 +0004787 -0072482 -0072846
2019-3-30 10:44:43 +2097152 +0005785 +0005535 +0007218 +0005699 +0006057 +0007349 +0006448 +0005032 +0007520 +0006400 +0004786 -0072483 -0072846
2019-3-30 11:15:56 +2097152 +0005783 +0005536 +0007216 +0005699 +0006057 +0007350 +0006446 +0005033 +0007520 +0006400 +0004786 -0072484 -0072851
2019-3-30 11:47:09 +2097152 +0005783 +0005535 +0007216 +0005697 +0006054 +0007347 +0006447 +0005030 +0007519 +0006399 +0004787 -0072484 -0072853
2019-3-30 12:18:22 +2097152 +0005783 +0005535 +0007217 +0005697 +0006055 +0007348 +0006447 +0005030 +0007520 +0006400 +0004786 -0072482 -0072855
2019-3-30 12:49:34 +2097152 +0005781 +0005535 +0007217 +0005699 +0006053 +0007347 +0006444 +0005030 +0007520 +0006397 +0004788 -0072484 -0072854
2019-3-30 13:20:47 +2097152 +0005783 +0005535 +0007217 +0005700 +0006054 +0007347 +0006448 +0005032 +0007520 +0006400 +0004786 -0072482 -0072850
2019-3-30 13:52:00 +2097152 +0005782 +0005535 +0007217 +0005698 +0006053 +0007348 +0006447 +0005031 +0007519 +0006399 +0004785 -0072485 -0072854
2019-3-30 14:23:13 +2097152 +0005783 +0005536 +0007218 +0005699 +0006054 +0007348 +0006447 +0005030 +0007521 +0006401 +0004787 -0072482 -0072850
2019-3-30 14:54:26 +2097152 +0005780 +0005534 +0007216 +0005698 +0006052 +0007345 +0006446 +0005028 +0007519 +0006399 +0004785 -0072484 -0072854
2019-3-30 15:25:39 +2097152 +0005779 +0005537 +0007217 +0005698 +0006054 +0007345 +0006446 +0005029 +0007518 +0006401 +0004787 -0072482 -0072852
2019-3-30 15:56:52 +2097152 +0005784 +0005539 +0007222 +0005700 +0006057 +0007350 +0006451 +0005033 +0007522 +0006401 +0004790 -0072480 -0072851
2019-3-30 16:28:04 +2097152 +0005782 +0005536 +0007219 +0005699 +0006054 +0007347 +0006447 +0005031 +0007521 +0006401 +0004789 -0072482 -0072854
2019-3-30 16:59:17 +2097152 +0005781 +0005536 +0007220 +0005700 +0006054 +0007346 +0006447 +0005029 +0007521 +0006399 +0004788 -0072481 -0072851
2019-3-30 17:30:30 +2097152 +0005781 +0005535 +0007218 +0005699 +0006053 +0007344 +0006446 +0005030 +0007519 +0006397 +0004787 -0072486 -0072856
2019-3-30 18:01:43 +2097152 +0005779 +0005534 +0007217 +0005696 +0006051 +0007343 +0006445 +0005027 +0007516 +0006398 +0004787 -0072484 -0072852
2019-3-30 18:32:56 +2097152 +0005781 +0005537 +0007218 +0005698 +0006053 +0007342 +0006446 +0005030 +0007516 +0006397 +0004788 -0072483 -0072855
2019-3-30 19:04:09 +2097152 +0005780 +0005536 +0007217 +0005696 +0006053 +0007342 +0006445 +0005029 +0007518 +0006397 +0004786 -0072463 -0072794
2019-3-30 19:35:22 +2097152 +0005783 +0005540 +0007222 +0005702 +0006056 +0007346 +0006451 +0005032 +0007521 +0006403 +0004791 -0072474 -0072814
2019-3-30 20:06:35 +2097152 +0005780 +0005540 +0007221 +0005700 +0006054 +0007345 +0006449 +0005030 +0007520 +0006400 +0004789 -0072479 -0072837
2019-3-30 20:37:47 +2097152 +0005782 +0005539 +0007221 +0005698 +0006053 +0007344 +0006449 +0005029 +0007520 +0006400 +0004791 -0072481 -0072843
2019-3-30 21:09:00 +2097152 +0005784 +0005540 +0007222 +0005701 +0006055 +0007346 +0006450 +0005032 +0007522 +0006401 +0004791 -0072480 -0072843
2019-3-30 21:40:13 +2097152 +0005777 +0005536 +0007218 +0005698 +0006052 +0007342 +0006445 +0005026 +0007517 +0006398 +0004787 -0072481 -0072846
2019-3-30 22:11:26 +2097152 +0005780 +0005538 +0007221 +0005699 +0006051 +0007342 +0006447 +0005028 +0007519 +0006400 +0004789 -0072481 -0072847
2019-3-30 22:42:39 +2097152 +0005781 +0005540 +0007221 +0005701 +0006054 +0007344 +0006449 +0005031 +0007519 +0006401 +0004791 -0072479 -0072848
2019-3-30 23:13:52 +2097152 +0005779 +0005536 +0007220 +0005698 +0006049 +0007341 +0006446 +0005026 +0007518 +0006398 +0004788 -0072482 -0072853
2019-3-30 23:45:05 +2097152 +0005775 +0005537 +0007220 +0005698 +0006049 +0007341 +0006447 +0005028 +0007517 +0006398 +0004790 -0072481 -0072851
2019-3-31 0:16:17 +2097152 +0005782 +0005539 +0007224 +0005700 +0006054 +0007344 +0006451 +0005030 +0007521 +0006403 +0004790 -0072480 -0072852
2019-3-31 0:47:30 +2097152 +0005779 +0005538 +0007221 +0005699 +0006049 +0007340 +0006448 +0005026 +0007518 +0006401 +0004790 -0072478 -0072850
2019-3-31 1:18:43 +2097152 +0005778 +0005538 +0007220 +0005698 +0006049 +0007339 +0006445 +0005027 +0007516 +0006398 +0004789 -0072483 -0072854
2019-3-31 1:49:56 +2097152 +0005778 +0005539 +0007223 +0005698 +0006049 +0007342 +0006448 +0005029 +0007518 +0006401 +0004789 -0072481 -0072853
2019-3-31 2:21:09 +2097152 +0005776 +0005536 +0007220 +0005696 +0006048 +0007339 +0006445 +0005026 +0007517 +0006398 +0004787 -0072480 -0072852
2019-3-31 2:52:22 +2097152 +0005778 +0005540 +0007222 +0005698 +0006049 +0007339 +0006447 +0005026 +0007516 +0006397 +0004788 -0072480 -0072853
2019-3-31 3:23:35 +2097152 +0005775 +0005540 +0007223 +0005698 +0006047 +0007339 +0006447 +0005026 +0007516 +0006398 +0004789 -0072481 -0072850
2019-3-31 3:54:48 +2097152 +0005783 +0005544 +0007227 +0005702 +0006052 +0007344 +0006452 +0005029 +0007521 +0006403 +0004793 -0072475 -0072846
2019-3-31 4:26:01 +2097152 +0005779 +0005541 +0007225 +0005701 +0006051 +0007340 +0006450 +0005027 +0007519 +0006401 +0004791 -0072478 -0072850
2019-3-31 4:57:13 +2097152 +0005780 +0005541 +0007225 +0005700 +0006050 +0007340 +0006450 +0005028 +0007521 +0006403 +0004792 -0072477 -0072849
2019-3-31 5:28:26 +2097152 +0005775 +0005538 +0007222 +0005696 +0006045 +0007336 +0006447 +0005023 +0007514 +0006398 +0004787 -0072479 -0072852
2019-3-31 5:59:39 +2097152 +0005776 +0005542 +0007222 +0005700 +0006049 +0007339 +0006449 +0005025 +0007518 +0006401 +0004792 -0072481 -0072851
2019-3-31 6:30:52 +2097152 +0005778 +0005542 +0007225 +0005699 +0006048 +0007337 +0006447 +0005027 +0007521 +0006402 +0004794 -0072476 -0072849
2019-3-31 7:02:05 +2097152 +0005776 +0005540 +0007224 +0005699 +0006047 +0007337 +0006449 +0005025 +0007519 +0006399 +0004790 -0072477 -0072851
2019-3-31 7:33:18 +2097152 +0005775 +0005539 +0007223 +0005697 +0006047 +0007334 +0006447 +0005025 +0007516 +0006402 +0004792 -0072479 -0072850
2019-3-31 8:04:31 +2097152 +0005774 +0005541 +0007225 +0005698 +0006048 +0007335 +0006449 +0005025 +0007517 +0006401 +0004790 -0072469 -0072802
2019-3-31 8:35:43 +2097152 +0005777 +0005540 +0007225 +0005698 +0006045 +0007337 +0006447 +0005026 +0007519 +0006402 +0004793 -0072476 -0072824
2019-3-31 9:06:56 +2097152 +0005777 +0005541 +0007225 +0005699 +0006047 +0007336 +0006448 +0005025 +0007517 +0006401 +0004791 -0072478 -0072837
2019-3-31 9:38:09 +2097152 +0005775 +0005539 +0007223 +0005696 +0006044 +0007336 +0006448 +0005023 +0007516 +0006400 +0004792 -0072479 -0072841
2019-3-31 10:09:22 +2097152 +0005776 +0005542 +0007225 +0005700 +0006046 +0007335 +0006449 +0005024 +0007517 +0006405 +0004793 -0072475 -0072842
2019-3-31 10:40:35 +2097152 +0005776 +0005542 +0007227 +0005698 +0006047 +0007335 +0006450 +0005024 +0007517 +0006402 +0004792 -0072474 -0072842
2019-3-31 11:11:48 +2097152 +0005775 +0005541 +0007225 +0005699 +0006046 +0007336 +0006448 +0005025 +0007518 +0006401 +0004792 -0072476 -0072847
2019-3-31 11:43:01 +2097152 +0005777 +0005544 +0007227 +0005699 +0006048 +0007336 +0006451 +0005026 +0007519 +0006402 +0004795 -0072474 -0072844
2019-3-31 12:14:14 +2097152 +0005774 +0005542 +0007223 +0005699 +0006045 +0007333 +0006447 +0005023 +0007516 +0006398 +0004791 -0072477 -0072848
2019-3-31 12:45:26 +2097152 +0005774 +0005542 +0007222 +0005699 +0006044 +0007333 +0006451 +0005026 +0007518 +0006402 +0004793 -0072476 -0072848
2019-3-31 13:16:39 +2097152 +0005776 +0005542 +0007224 +0005699 +0006045 +0007334 +0006451 +0005025 +0007517 +0006403 +0004794 -0072474 -0072848
2019-3-31 13:47:52 +2097152 +0005773 +0005542 +0007221 +0005698 +0006044 +0007331 +0006448 +0005022 +0007515 +0006400 +0004792 -0072476 -0072849
2019-3-31 14:19:05 +2097152 +0005772 +0005540 +0007224 +0005696 +0006043 +0007332 +0006449 +0005023 +0007516 +0006400 +0004793 -0072476 -0072850
2019-3-31 14:50:18 +2097152 +0005775 +0005540 +0007221 +0005697 +0006045 +0007331 +0006448 +0005022 +0007516 +0006401 +0004792 -0072475 -0072851
2019-3-31 15:21:31 +2097152 +0005775 +0005542 +0007223 +0005698 +0006043 +0007332 +0006450 +0005022 +0007517 +0006402 +0004794 -0072476 -0072849
2019-3-31 15:52:44 +2097152 +0005774 +0005545 +0007226 +0005702 +0006046 +0007333 +0006452 +0005024 +0007519 +0006404 +0004795 -0072475 -0072847
2019-3-31 16:23:57 +2097152 +0005776 +0005546 +0007226 +0005702 +0006047 +0007334 +0006452 +0005024 +0007520 +0006403 +0004795 -0072473 -0072847
2019-3-31 16:55:09 +2097152 +0005774 +0005545 +0007224 +0005700 +0006046 +0007333 +0006452 +0005024 +0007518 +0006401 +0004795 -0072474 -0072847
2019-3-31 17:26:22 +2097152 +0005773 +0005546 +0007223 +0005699 +0006046 +0007331 +0006452 +0005024 +0007518 +0006400 +0004795 -0072475 -0072849
2019-3-31 17:57:35 +2097152 +0005774 +0005544 +0007224 +0005700 +0006042 +0007331 +0006452 +0005024 +0007517 +0006401 +0004794 -0072473 -0072849
2019-3-31 18:28:48 +2097152 +0005774 +0005544 +0007224 +0005700 +0006044 +0007330 +0006452 +0005022 +0007519 +0006401 +0004796 -0072473 -0072847
2019-3-31 19:00:01 +2097152 +0005774 +0005544 +0007224 +0005700 +0006044 +0007330 +0006452 +0005022 +0007517 +0006403 +0004796 -0072475 -0072849
2019-3-31 19:31:14 +2097152 +0005773 +0005546 +0007225 +0005700 +0006044 +0007331 +0006452 +0005022 +0007518 +0006401 +0004797 -0072476 -0072933
2019-3-31 20:02:27 +2097152 +0005772 +0005544 +0007224 +0005699 +0006041 +0007327 +0006450 +0005020 +0007515 +0006400 +0004794 -0072477 -0072936
2019-3-31 20:33:39 +2097152 +0005772 +0005545 +0007226 +0005701 +0006045 +0007329 +0006452 +0005022 +0007519 +0006403 +0004797 -0072374 -0072824
2019-3-31 21:04:52 +2097152 +0005772 +0005542 +0007225 +0005699 +0006042 +0007328 +0006449 +0005020 +0007515 +0006400 +0004796 -0072473 -0072785
2019-3-31 21:36:05 +2097152 +0005769 +0005544 +0007224 +0005697 +0006039 +0007328 +0006449 +0005020 +0007514 +0006402 +0004793 -0072476 -0072802
2019-3-31 22:07:18 +2097152 +0005772 +0005545 +0007227 +0005700 +0006044 +0007329 +0006453 +0005021 +0007517 +0006404 +0004797 -0072471 -0072807
2019-3-31 22:38:31 +2097152 +0005771 +0005544 +0007225 +0005698 +0006040 +0007328 +0006451 +0005020 +0007516 +0006401 +0004796 -0072474 -0072812
2019-3-31 23:09:44 +2097152 +0005770 +0005546 +0007227 +0005697 +0006042 +0007327 +0006451 +0005020 +0007517 +0006402 +0004795 -0072474 -0072815
2019-3-31 23:40:57 +2097152 +0005771 +0005544 +0007227 +0005699 +0006041 +0007327 +0006452 +0005020 +0007517 +0006401 +0004796 -0072471 -0072815
2019-4-1 0:12:10 +2097152 +0005768 +0005546 +0007225 +0005699 +0006039 +0007326 +0006452 +0005019 +0007516 +0006402 +0004797 -0072472 -0072817
2019-4-1 0:43:22 +2097152 +0005770 +0005545 +0007227 +0005699 +0006041 +0007327 +0006453 +0005019 +0007516 +0006402 +0004795 -0072472 -0072817
2019-4-1 1:14:35 +2097152 +0005769 +0005545 +0007227 +0005698 +0006040 +0007325 +0006453 +0005019 +0007514 +0006401 +0004796 -0072473 -0072820
2019-4-1 1:45:48 +2097152 +0005768 +0005544 +0007226 +0005699 +0006039 +0007324 +0006453 +0005017 +0007514 +0006401 +0004796 -0072473 -0072819
2019-4-1 2:17:01 +2097152 +0005772 +0005547 +0007229 +0005701 +0006040 +0007327 +0006456 +0005019 +0007519 +0006403 +0004799 -0072470 -0072816
2019-4-1 2:48:14 +2097152 +0005770 +0005548 +0007229 +0005699 +0006040 +0007325 +0006454 +0005020 +0007518 +0006403 +0004796 -0072469 -0072816
2019-4-1 3:19:27 +2097152 +0005772 +0005547 +0007228 +0005699 +0006041 +0007326 +0006454 +0005020 +0007516 +0006404 +0004798 -0072471 -0072816
2019-4-1 3:50:40 +2097152 +0005771 +0005547 +0007229 +0005700 +0006040 +0007324 +0006454 +0005018 +0007519 +0006403 +0004797 -0072470 -0072817
2019-4-1 4:21:52 +2097152 +0005770 +0005547 +0007229 +0005698 +0006039 +0007325 +0006455 +0005018 +0007515 +0006402 +0004797 -0072471 -0072820
2019-4-1 4:53:05 +2097152 +0005769 +0005548 +0007230 +0005700 +0006042 +0007324 +0006454 +0005019 +0007517 +0006404 +0004797 -0072471 -0072817
2019-4-1 5:24:18 +2097152 +0005770 +0005548 +0007230 +0005701 +0006039 +0007323 +0006457 +0005020 +0007516 +0006404 +0004799 -0072468 -0072814
2019-4-1 5:55:31 +2097152 +0005769 +0005547 +0007229 +0005698 +0006037 +0007322 +0006453 +0005017 +0007516 +0006403 +0004797 -0072470 -0072818
2019-4-1 6:26:44 +2097152 +0005767 +0005546 +0007229 +0005697 +0006037 +0007322 +0006453 +0005018 +0007515 +0006400 +0004796 -0072469 -0072817
2019-4-1 6:57:57 +2097152 +0005768 +0005547 +0007228 +0005699 +0006038 +0007324 +0006454 +0005018 +0007516 +0006403 +0004797 -0072470 -0072816
2019-4-1 7:29:10 +2097152 +0005769 +0005549 +0007231 +0005700 +0006039 +0007323 +0006455 +0005017 +0007516 +0006401 +0004800 -0072469 -0072815
2019-4-1 8:00:23 +2097152 +0005769 +0005548 +0007233 +0005700 +0006038 +0007322 +0006456 +0005019 +0007516 +0006404 +0004800 -0072468 -0072813
2019-4-1 8:31:35 +2097152 +0005766 +0005549 +0007229 +0005699 +0006036 +0007321 +0006454 +0005016 +0007514 +0006404 +0004798 -0072468 -0072817
2019-4-1 9:02:48 +2097152 +0005769 +0005549 +0007231 +0005700 +0006038 +0007322 +0006456 +0005017 +0007519 +0006403 +0004800 -0072469 -0072816
2019-4-1 9:34:01 +2097152 +0005770 +0005548 +0007232 +0005700 +0006037 +0007319 +0006454 +0005018 +0007516 +0006403 +0004799 -0072446 -0072754
2019-4-1 10:05:14 +2097152 +0005769 +0005547 +0007230 +0005699 +0006036 +0007318 +0006452 +0005015 +0007514 +0006403 +0004798 -0072468 -0072786
2019-4-1 10:36:27 +2097152 +0005769 +0005550 +0007232 +0005698 +0006036 +0007319 +0006455 +0005017 +0007516 +0006403 +0004799 -0072466 -0072796
2019-4-1 11:07:40 +2097152 +0005770 +0005551 +0007234 +0005701 +0006038 +0007322 +0006455 +0005017 +0007517 +0006404 +0004801 -0072464 -0072803
2019-4-1 11:38:53 +2097152 +0005768 +0005551 +0007232 +0005700 +0006035 +0007319 +0006454 +0005016 +0007515 +0006402 +0004799 -0072466 -0072807
2019-4-1 12:10:05 +2097152 +0005768 +0005551 +0007233 +0005701 +0006035 +0007319 +0006456 +0005018 +0007516 +0006404 +0004799 -0072466 -0072809
2019-4-1 12:41:18 +2097152 +0005768 +0005549 +0007233 +0005699 +0006035 +0007320 +0006454 +0005015 +0007516 +0006404 +0004799 -0072469 -0072813
2019-4-1 13:12:31 +2097152 +0005769 +0005550 +0007234 +0005699 +0006035 +0007319 +0006455 +0005015 +0007516 +0006404 +0004800 -0072466 -0072811
2019-4-1 13:43:44 +2097152 +0005768 +0005553 +0007236 +0005703 +0006038 +0007320 +0006458 +0005018 +0007518 +0006405 +0004803 -0072463 -0072808
2019-4-1 14:14:57 +2097152 +0005766 +0005550 +0007234 +0005701 +0006036 +0007320 +0006455 +0005015 +0007517 +0006403 +0004800 -0072466 -0072811
2019-4-1 14:46:10 +2097152 +0005766 +0005550 +0007234 +0005699 +0006035 +0007316 +0006455 +0005015 +0007514 +0006404 +0004801 -0072467 -0072814
2019-4-1 15:17:23 +2097152 +0005768 +0005551 +0007237 +0005701 +0006035 +0007317 +0006455 +0005016 +0007516 +0006404 +0004800 -0072463 -0072812
2019-4-1 15:48:36 +2097152 +0005766 +0005552 +0007235 +0005701 +0006035 +0007317 +0006455 +0005015 +0007516 +0006404 +0004801 -0072465 -0072812
2019-4-1 16:19:49 +2097152 +0005767 +0005552 +0007234 +0005700 +0006034 +0007318 +0006455 +0005016 +0007516 +0006403 +0004800 -0072466 -0072814
2019-4-1 16:51:01 +2097152 +0005768 +0005552 +0007235 +0005699 +0006034 +0007317 +0006454 +0005015 +0007516 +0006404 +0004800 -0072466 -0072814
2019-4-1 17:22:14 +2097152 +0005767 +0005552 +0007235 +0005701 +0006035 +0007316 +0006456 +0005015 +0007515 +0006404 +0004799 -0072467 -0072813
2019-4-1 17:53:27 +2097152 +0005765 +0005551 +0007235 +0005700 +0006033 +0007317 +0006456 +0005014 +0007514 +0006403 +0004801 -0072467 -0072813
2019-4-1 18:24:40 +2097152 +0005767 +0005552 +0007236 +0005700 +0006035 +0007317 +0006456 +0005017 +0007516 +0006405 +0004802 -0072464 -0072813
2019-4-1 18:55:53 +2097152 +0005767 +0005554 +0007238 +0005701 +0006036 +0007318 +0006456 +0005017 +0007517 +0006406 +0004803 -0072464 -0072811
2019-4-1 19:27:06 +2097152 +0005767 +0005554 +0007238 +0005701 +0006035 +0007317 +0006457 +0005016 +0007519 +0006406 +0004803 -0072462 -0072808
2019-4-1 19:58:19 +2097152 +0005766 +0005553 +0007237 +0005701 +0006035 +0007315 +0006457 +0005014 +0007516 +0006405 +0004803 -0072464 -0072811
2019-4-1 20:29:31 +2097152 +0005765 +0005551 +0007235 +0005699 +0006034 +0007316 +0006454 +0005014 +0007514 +0006403 +0004801 -0072466 -0072814
2019-4-1 21:00:44 +2097152 +0005768 +0005555 +0007237 +0005703 +0006033 +0007317 +0006457 +0005016 +0007517 +0006406 +0004802 -0072465 -0072811
2019-4-1 21:31:57 +2097152 +0005764 +0005554 +0007238 +0005700 +0006033 +0007314 +0006456 +0005015 +0007516 +0006405 +0004801 -0072464 -0072811
2019-4-1 22:03:10 +2097152 +0005766 +0005556 +0007237 +0005701 +0006035 +0007315 +0006457 +0005015 +0007518 +0006405 +0004803 -0072464 -0072809
2019-4-1 22:34:23 +2097152 +0005765 +0005554 +0007238 +0005702 +0006032 +0007315 +0006455 +0005014 +0007516 +0006404 +0004803 -0072456 -0072762
2019-4-1 23:05:36 +2097152 +0005764 +0005553 +0007236 +0005701 +0006031 +0007312 +0006454 +0005012 +0007514 +0006404 +0004800 -0072464 -0072789
2019-4-1 23:36:49 +2097152 +0005765 +0005554 +0007239 +0005699 +0006032 +0007314 +0006457 +0005014 +0007514 +0006405 +0004802 -0072464 -0072798
2019-4-2 0:08:02 +2097152 +0005763 +0005553 +0007238 +0005701 +0006032 +0007313 +0006455 +0005013 +0007513 +0006404 +0004802 -0072464 -0072803
2019-4-2 0:39:14 +2097152 +0005768 +0005557 +0007241 +0005702 +0006034 +0007315 +0006459 +0005017 +0007518 +0006406 +0004805 -0072460 -0072802
2019-4-2 1:10:27 +2097152 +0005763 +0005555 +0007239 +0005700 +0006032 +0007313 +0006455 +0005016 +0007516 +0006405 +0004803 -0072462 -0072806
2019-4-2 1:41:40 +2097152 +0005768 +0005557 +0007240 +0005703 +0006033 +0007314 +0006457 +0005014 +0007516 +0006406 +0004806 -0072459 -0072804
2019-4-2 2:12:53 +2097152 +0005764 +0005555 +0007241 +0005701 +0006033 +0007314 +0006457 +0005016 +0007518 +0006405 +0004805 -0072465 -0072806
2019-4-2 2:44:06 +2097152 +0005764 +0005555 +0007238 +0005701 +0006030 +0007312 +0006456 +0005013 +0007516 +0006406 +0004803 -0072463 -0072810
2019-4-2 3:15:19 +2097152 +0005765 +0005556 +0007239 +0005700 +0006032 +0007312 +0006457 +0005013 +0007517 +0006406 +0004804 -0072460 -0072807
2019-4-2 3:46:32 +2097152 +0005764 +0005557 +0007241 +0005703 +0006032 +0007312 +0006458 +0005013 +0007516 +0006404 +0004803 -0072461 -0072807
2019-4-2 4:17:45 +2097152 +0005763 +0005556 +0007240 +0005701 +0006030 +0007310 +0006454 +0005012 +0007516 +0006405 +0004801 -0072463 -0072809
2019-4-2 4:48:57 +2097152 +0005764 +0005556 +0007240 +0005702 +0006030 +0007312 +0006458 +0005014 +0007514 +0006405 +0004805 -0072462 -0072808
2019-4-2 5:20:10 +2097152 +0005765 +0005557 +0007240 +0005700 +0006029 +0007311 +0006457 +0005014 +0007518 +0006404 +0004804 -0072463 -0072809
2019-4-2 5:51:23 +2097152 +0005762 +0005556 +0007241 +0005701 +0006031 +0007310 +0006454 +0005013 +0007514 +0006404 +0004804 -0072463 -0072812
2019-4-2 6:22:36 +2097152 +0005764 +0005556 +0007241 +0005701 +0006031 +0007310 +0006458 +0005012 +0007515 +0006405 +0004805 -0072462 -0072811
2019-4-2 6:53:49 +2097152 +0005764 +0005556 +0007241 +0005700 +0006030 +0007309 +0006458 +0005012 +0007516 +0006405 +0004804 -0072461 -0072811
2019-4-2 7:56:15 +2097152 +0005763 +0005557 +0007242 +0005702 +0006030 +0007308 +0006458 +0005012 +0007515 +0006404 +0004804 -0072463 -0072812
2019-4-2 8:27:27 +2097152 +0005763 +0005558 +0007243 +0005701 +0006030 +0007310 +0006458 +0005011 +0007515 +0006406 +0004806 -0072461 -0072809
2019-4-2 8:58:40 +2097152 +0005763 +0005558 +0007241 +0005702 +0006030 +0007309 +0006456 +0005011 +0007515 +0006405 +0004806 -0072460 -0072807
2019-4-2 9:29:53 +2097152 +0005763 +0005558 +0007242 +0005700 +0006030 +0007307 +0006458 +0005012 +0007514 +0006406 +0004806 -0072462 -0072809
2019-4-2 10:01:06 +2097152 +0005763 +0005557 +0007244 +0005702 +0006030 +0007309 +0006456 +0005012 +0007514 +0006404 +0004805 -0072463 -0072808
2019-4-2 10:32:19 +2097152 +0005764 +0005557 +0007244 +0005703 +0006031 +0007309 +0006457 +0005012 +0007515 +0006404 +0004806 -0072459 -0072808
2019-4-2 11:03:32 +2097152 +0005761 +0005555 +0007241 +0005700 +0006028 +0007306 +0006458 +0005010 +0007515 +0006402 +0004804 -0072364 -0072697
2019-4-2 11:34:45 +2097152 +0005761 +0005559 +0007244 +0005700 +0006028 +0007308 +0006458 +0005012 +0007514 +0006404 +0004805 -0072458 -0072769
2019-4-2 12:05:58 +2097152 +0005762 +0005560 +0007246 +0005702 +0006029 +0007308 +0006460 +0005013 +0007515 +0006407 +0004807 -0072457 -0072784
2019-4-2 12:37:10 +2097152 +0005761 +0005559 +0007243 +0005701 +0006027 +0007308 +0006459 +0005012 +0007514 +0006406 +0004806 -0072458 -0072794
2019-4-2 13:08:23 +2097152 +0005761 +0005561 +0007245 +0005704 +0006030 +0007309 +0006458 +0005014 +0007517 +0006406 +0004808 -0072456 -0072798
2019-4-2 13:39:36 +2097152 +0005764 +0005561 +0007246 +0005704 +0006030 +0007308 +0006459 +0005013 +0007516 +0006406 +0004809 -0072459 -0072800
2019-4-2 14:10:49 +2097152 +0005760 +0005561 +0007246 +0005702 +0006028 +0007308 +0006458 +0005011 +0007515 +0006406 +0004807 -0072460 -0072801
2019-4-2 14:42:02 +2097152 +0005759 +0005558 +0007244 +0005701 +0006027 +0007305 +0006458 +0005011 +0007515 +0006404 +0004806 -0072460 -0072805
2019-4-2 15:13:15 +2097152 +0005760 +0005560 +0007244 +0005702 +0006026 +0007305 +0006458 +0005010 +0007514 +0006407 +0004806 -0072459 -0072805
2019-4-2 15:44:28 +2097152 +0005761 +0005562 +0007246 +0005704 +0006030 +0007307 +0006460 +0005011 +0007515 +0006406 +0004807 -0072460 -0072806
2019-4-2 16:15:40 +2097152 +0005762 +0005562 +0007246 +0005704 +0006028 +0007306 +0006460 +0005012 +0007514 +0006406 +0004808 -0072457 -0072805
2019-4-2 16:46:53 +2097152 +0005764 +0005563 +0007248 +0005704 +0006029 +0007308 +0006461 +0005013 +0007517 +0006405 +0004808 -0072458 -0072806
2019-4-2 17:18:06 +2097152 +0005760 +0005561 +0007247 +0005703 +0006028 +0007306 +0006459 +0005011 +0007516 +0006406 +0004807 -0072457 -0072805
2019-4-2 17:49:19 +2097152 +0005762 +0005563 +0007247 +0005704 +0006030 +0007308 +0006460 +0005014 +0007518 +0006406 +0004809 -0072457 -0072804
2019-4-2 18:20:32 +2097152 +0005761 +0005562 +0007246 +0005704 +0006028 +0007304 +0006460 +0005009 +0007517 +0006406 +0004807 -0072457 -0072805
2019-4-2 18:51:45 +2097152 +0005761 +0005564 +0007246 +0005703 +0006029 +0007305 +0006461 +0005011 +0007515 +0006406 +0004809 -0072460 -0072805
2019-4-2 19:22:58 +2097152 +0005763 +0005563 +0007247 +0005705 +0006030 +0007306 +0006460 +0005010 +0007516 +0006408 +0004807 -0072455 -0072804
2019-4-2 19:54:11 +2097152 +0005760 +0005564 +0007247 +0005703 +0006029 +0007304 +0006462 +0005010 +0007517 +0006407 +0004809 -0072458 -0072908
2019-4-2 20:25:23 +2097152 +0005761 +0005563 +0007249 +0005704 +0006027 +0007303 +0006462 +0005011 +0007519 +0006407 +0004810 -0072459 -0072905
2019-4-2 20:56:36 +2097152 +0005759 +0005563 +0007249 +0005705 +0006028 +0007303 +0006462 +0005011 +0007518 +0006409 +0004809 -0072458 -0072819
2019-4-2 21:27:49 +2097152 +0005759 +0005562 +0007248 +0005704 +0006026 +0007303 +0006463 +0005010 +0007516 +0006406 +0004808 -0072455 -0072816
2019-4-2 21:59:02 +2097152 +0005760 +0005563 +0007247 +0005704 +0006027 +0007302 +0006461 +0005009 +0007515 +0006407 +0004809 -0072458 -0072817
2019-4-2 22:30:15 +2097152 +0005760 +0005564 +0007248 +0005705 +0006028 +0007305 +0006461 +0005011 +0007516 +0006408 +0004811 -0072456 -0072815
2019-4-2 23:01:28 +2097152 +0005760 +0005564 +0007249 +0005704 +0006027 +0007303 +0006461 +0005010 +0007514 +0006405 +0004808 -0072456 -0072813
2019-4-2 23:32:41 +2097152 +0005759 +0005565 +0007249 +0005705 +0006028 +0007304 +0006462 +0005012 +0007517 +0006408 +0004811 -0072454 -0072814
2019-4-3 0:03:54 +2097152 +0005759 +0005563 +0007249 +0005704 +0006026 +0007300 +0006461 +0005008 +0007515 +0006406 +0004809 -0072435 -0072756
2019-4-3 0:35:06 +2097152 +0005757 +0005563 +0007248 +0005703 +0006024 +0007299 +0006462 +0005007 +0007515 +0006407 +0004810 -0072456 -0072784
2019-4-3 1:06:19 +2097152 +0005758 +0005565 +0007250 +0005704 +0006025 +0007302 +0006463 +0005009 +0007515 +0006406 +0004810 -0072455 -0072797
2019-4-3 1:37:32 +2097152 +0005758 +0005563 +0007249 +0005703 +0006025 +0007299 +0006462 +0005007 +0007515 +0006406 +0004810 -0072458 -0072808
2019-4-3 2:08:45 +2097152 +0005760 +0005567 +0007250 +0005706 +0006027 +0007302 +0006465 +0005011 +0007517 +0006410 +0004810 -0072453 -0072805
2019-4-3 2:39:58 +2097152 +0005760 +0005566 +0007249 +0005704 +0006025 +0007300 +0006463 +0005009 +0007515 +0006406 +0004810 -0072455 -0072810
2019-4-3 3:11:11 +2097152 +0005760 +0005567 +0007250 +0005704 +0006026 +0007303 +0006464 +0005010 +0007516 +0006407 +0004811 -0072456 -0072811
2019-4-3 3:42:24 +2097152 +0005758 +0005566 +0007251 +0005703 +0006025 +0007299 +0006464 +0005008 +0007517 +0006407 +0004810 -0072457 -0072812
2019-4-3 4:13:36 +2097152 +0005760 +0005569 +0007253 +0005708 +0006027 +0007304 +0006466 +0005011 +0007519 +0006408 +0004811 -0072453 -0072810
2019-4-3 4:44:49 +2097152 +0005758 +0005565 +0007250 +0005703 +0006023 +0007298 +0006463 +0005009 +0007516 +0006408 +0004810 -0072455 -0072812
2019-4-3 5:16:02 +2097152 +0005756 +0005566 +0007251 +0005703 +0006026 +0007300 +0006464 +0005009 +0007516 +0006406 +0004811 -0072455 -0072813
2019-4-3 5:47:15 +2097152 +0005757 +0005565 +0007250 +0005703 +0006025 +0007299 +0006465 +0005009 +0007515 +0006406 +0004809 -0072455 -0072813
2019-4-3 6:18:28 +2097152 +0005758 +0005566 +0007250 +0005705 +0006024 +0007299 +0006464 +0005009 +0007516 +0006407 +0004811 -0072457 -0072814
2019-4-3 6:49:41 +2097152 +0005758 +0005568 +0007252 +0005705 +0006024 +0007299 +0006467 +0005011 +0007518 +0006408 +0004812 -0072452 -0072810
2019-4-3 7:20:54 +2097152 +0005760 +0005568 +0007252 +0005707 +0006027 +0007300 +0006469 +0005012 +0007518 +0006409 +0004813 -0072451 -0072809
2019-4-3 7:52:07 +2097152 +0005758 +0005567 +0007252 +0005705 +0006024 +0007297 +0006466 +0005008 +0007517 +0006406 +0004812 -0072453 -0072812
2019-4-3 8:23:19 +2097152 +0005758 +0005568 +0007254 +0005705 +0006024 +0007298 +0006466 +0005009 +0007517 +0006408 +0004811 -0072453 -0072811
2019-4-3 8:54:32 +2097152 +0005757 +0005568 +0007252 +0005705 +0006024 +0007298 +0006468 +0005009 +0007516 +0006410 +0004812 -0072452 -0072811
2019-4-3 9:25:45 +2097152 +0005759 +0005569 +0007253 +0005707 +0006025 +0007300 +0006468 +0005009 +0007518 +0006408 +0004814 -0072453 -0072811
2019-4-3 9:56:58 +2097152 +0005757 +0005567 +0007251 +0005705 +0006021 +0007299 +0006469 +0005007 +0007515 +0006406 +0004810 -0072454 -0072813
2019-4-3 10:28:11 +2097152 +0005757 +0005570 +0007254 +0005705 +0006023 +0007299 +0006469 +0005008 +0007516 +0006408 +0004817 -0072451 -0072811
2019-4-3 10:59:24 +2097152 +0005757 +0005568 +0007253 +0005705 +0006024 +0007297 +0006468 +0005009 +0007516 +0006407 +0004811 -0072455 -0072813
2019-4-3 11:30:37 +2097152 +0005756 +0005569 +0007254 +0005706 +0006023 +0007296 +0006469 +0005008 +0007517 +0006407 +0004812 -0072452 -0072810
2019-4-3 12:01:50 +2097152 +0005755 +0005568 +0007254 +0005705 +0006023 +0007295 +0006468 +0005008 +0007515 +0006408 +0004812 -0072453 -0072810
2019-4-3 12:33:03 +2097152 +0005758 +0005570 +0007255 +0005706 +0006024 +0007297 +0006470 +0005007 +0007517 +0006409 +0004813 -0072452 -0072808
2019-4-3 13:04:15 +2097152 +0005756 +0005569 +0007255 +0005705 +0006022 +0007296 +0006470 +0005007 +0007517 +0006408 +0004813 -0072445 -0072764
2019-4-3 13:35:28 +2097152 +0005757 +0005570 +0007253 +0005706 +0006020 +0007298 +0006469 +0005008 +0007516 +0006408 +0004813 -0072451 -0072787
2019-4-3 14:06:41 +2097152 +0005758 +0005570 +0007255 +0005705 +0006020 +0007295 +0006469 +0005006 +0007517 +0006408 +0004814 -0072453 -0072797
2019-4-3 14:37:54 +2097152 +0005758 +0005572 +0007255 +0005705 +0006023 +0007296 +0006471 +0005008 +0007518 +0006408 +0004815 -0072451 -0072801
2019-4-3 15:09:07 +2097152 +0005755 +0005572 +0007256 +0005707 +0006022 +0007297 +0006472 +0005009 +0007518 +0006410 +0004815 -0072449 -0072801
2019-4-3 15:40:20 +2097152 +0005756 +0005571 +0007255 +0005706 +0006022 +0007294 +0006472 +0005007 +0007517 +0006409 +0004813 -0072451 -0072805
2019-4-3 16:11:33 +2097152 +0005757 +0005572 +0007256 +0005706 +0006021 +0007295 +0006471 +0005007 +0007517 +0006407 +0004814 -0072451 -0072807
2019-4-3 16:42:45 +2097152 +0005757 +0005572 +0007258 +0005707 +0006025 +0007295 +0006473 +0005008 +0007518 +0006409 +0004814 -0072449 -0072807
2019-4-3 17:13:58 +2097152 +0005758 +0005573 +0007257 +0005707 +0006024 +0007296 +0006472 +0005009 +0007519 +0006409 +0004815 -0072452 -0072809
2019-4-3 17:45:11 +2097152 +0005757 +0005573 +0007256 +0005707 +0006022 +0007295 +0006471 +0005006 +0007517 +0006407 +0004813 -0072453 -0072810
2019-4-3 18:16:24 +2097152 +0005756 +0005571 +0007257 +0005706 +0006021 +0007293 +0006472 +0005008 +0007518 +0006409 +0004816 -0072449 -0072807
2019-4-3 18:47:37 +2097152 +0005757 +0005573 +0007258 +0005708 +0006024 +0007296 +0006475 +0005008 +0007518 +0006411 +0004815 -0072450 -0072807
2019-4-3 19:18:50 +2097152 +0005756 +0005572 +0007256 +0005707 +0006023 +0007293 +0006472 +0005006 +0007519 +0006408 +0004813 -0072450 -0072810
2019-4-3 19:50:03 +2097152 +0005757 +0005575 +0007259 +0005709 +0006024 +0007296 +0006474 +0005008 +0007517 +0006409 +0004817 -0072447 -0072805
2019-4-3 20:21:15 +2097152 +0005757 +0005577 +0007259 +0005709 +0006024 +0007294 +0006476 +0005008 +0007519 +0006411 +0004817 -0072449 -0072805
2019-4-3 20:52:28 +2097152 +0005756 +0005574 +0007257 +0005707 +0006020 +0007293 +0006474 +0005007 +0007516 +0006409 +0004815 -0072450 -0072807
2019-4-3 21:23:41 +2097152 +0005756 +0005573 +0007258 +0005706 +0006018 +0007293 +0006473 +0005007 +0007517 +0006408 +0004813 -0072449 -0072807
2019-4-3 21:54:54 +2097152 +0005753 +0005573 +0007258 +0005706 +0006020 +0007290 +0006473 +0005007 +0007515 +0006407 +0004815 -0072454 -0072813
2019-4-3 22:26:07 +2097152 +0005758 +0005577 +0007261 +0005710 +0006023 +0007294 +0006478 +0005009 +0007520 +0006410 +0004817 -0072445 -0072804
2019-4-3 22:57:20 +2097152 +0005755 +0005574 +0007256 +0005705 +0006019 +0007291 +0006473 +0005007 +0007517 +0006407 +0004816 -0072450 -0072810
2019-4-3 23:28:33 +2097152 +0005754 +0005574 +0007259 +0005707 +0006020 +0007292 +0006474 +0005008 +0007518 +0006410 +0004817 -0072448 -0072805
2019-4-3 23:59:46 +2097152 +0005756 +0005576 +0007260 +0005709 +0006020 +0007291 +0006476 +0005007 +0007517 +0006411 +0004816 -0072447 -0072806
2019-4-4 0:30:59 +2097152 +0005756 +0005577 +0007258 +0005708 +0006020 +0007292 +0006476 +0005007 +0007516 +0006408 +0004816 -0072449 -0072807
2019-4-4 1:02:12 +2097152 +0005754 +0005574 +0007259 +0005706 +0006020 +0007290 +0006475 +0005006 +0007517 +0006408 +0004816 -0072452 -0072809
2019-4-4 1:33:24 +2097152 +0005753 +0005574 +0007259 +0005707 +0006019 +0007290 +0006475 +0005007 +0007517 +0006407 +0004816 -0072355 -0072700
2019-4-4 2:04:37 +2097152 +0005758 +0005577 +0007261 +0005709 +0006021 +0007293 +0006477 +0005009 +0007519 +0006412 +0004818 -0072443 -0072768
2019-4-4 2:35:50 +2097152 +0005753 +0005575 +0007259 +0005707 +0006019 +0007291 +0006475 +0005004 +0007517 +0006409 +0004817 -0072447 -0072786
2019-4-4 3:07:03 +2097152 +0005754 +0005576 +0007260 +0005707 +0006020 +0007290 +0006478 +0005008 +0007518 +0006410 +0004817 -0072447 -0072792
2019-4-4 3:38:16 +2097152 +0005754 +0005576 +0007258 +0005709 +0006018 +0007290 +0006476 +0005006 +0007516 +0006408 +0004815 -0072448 -0072800
2019-4-4 4:09:29 +2097152 +0005754 +0005577 +0007260 +0005707 +0006017 +0007290 +0006476 +0005006 +0007516 +0006408 +0004817 -0072448 -0072801
2019-4-4 4:40:41 +2097152 +0005754 +0005578 +0007260 +0005708 +0006017 +0007291 +0006478 +0005008 +0007520 +0006411 +0004820 -0072446 -0072801
2019-4-4 5:11:55 +2097152 +0005755 +0005580 +0007261 +0005711 +0006020 +0007291 +0006478 +0005008 +0007520 +0006411 +0004819 -0072448 -0072801
2019-4-4 5:43:07 +2097152 +0005756 +0005579 +0007262 +0005709 +0006021 +0007290 +0006478 +0005007 +0007521 +0006411 +0004819 -0072447 -0072805
2019-4-4 6:14:20 +2097152 +0005758 +0005581 +0007266 +0005711 +0006023 +0007293 +0006482 +0005008 +0007522 +0006413 +0004821 -0072443 -0072799
2019-4-4 6:45:33 +2097152 +0005754 +0005577 +0007260 +0005708 +0006017 +0007289 +0006476 +0005006 +0007517 +0006410 +0004818 -0072448 -0072805
2019-4-4 7:16:46 +2097152 +0005753 +0005578 +0007260 +0005708 +0006018 +0007288 +0006478 +0005005 +0007520 +0006409 +0004819 -0072447 -0072803
2019-4-4 7:47:59 +2097152 +0005752 +0005579 +0007262 +0005709 +0006016 +0007287 +0006478 +0005005 +0007517 +0006409 +0004818 -0072449 -0072806
2019-4-4 8:19:12 +2097152 +0005754 +0005581 +0007264 +0005709 +0006021 +0007289 +0006481 +0005007 +0007520 +0006412 +0004820 -0072445 -0072803
2019-4-4 8:50:24 +2097152 +0005752 +0005578 +0007262 +0005707 +0006018 +0007288 +0006479 +0005005 +0007519 +0006409 +0004818 -0072445 -0072806
2019-4-4 9:21:37 +2097152 +0005755 +0005581 +0007264 +0005710 +0006021 +0007292 +0006482 +0005009 +0007520 +0006413 +0004821 -0072443 -0072802
2019-4-4 9:52:50 +2097152 +0005753 +0005580 +0007264 +0005708 +0006019 +0007287 +0006480 +0005004 +0007518 +0006409 +0004819 -0072444 -0072801
2019-4-4 10:24:03 +2097152 +0005751 +0005579 +0007261 +0005709 +0006015 +0007286 +0006478 +0005004 +0007516 +0006409 +0004817 -0072446 -0072804
2019-4-4 10:55:16 +2097152 +0005755 +0005580 +0007263 +0005709 +0006018 +0007286 +0006481 +0005005 +0007519 +0006412 +0004819 -0072443 -0072801
2019-4-4 11:26:29 +2097152 +0005752 +0005580 +0007261 +0005708 +0006016 +0007287 +0006481 +0005004 +0007518 +0006410 +0004819 -0072445 -0072805
2019-4-4 11:57:42 +2097152 +0005753 +0005581 +0007263 +0005710 +0006017 +0007288 +0006482 +0005006 +0007519 +0006410 +0004821 -0072444 -0072806
2019-4-4 12:28:55 +2097152 +0005754 +0005581 +0007265 +0005712 +0006018 +0007287 +0006483 +0005006 +0007520 +0006411 +0004821 -0072444 -0072802
2019-4-4 13:00:07 +2097152 +0005754 +0005582 +0007264 +0005711 +0006018 +0007286 +0006483 +0005006 +0007519 +0006412 +0004820 -0072442 -0072802
2019-4-4 13:31:20 +2097152 +0005753 +0005581 +0007263 +0005709 +0006016 +0007285 +0006481 +0005004 +0007519 +0006410 +0004821 -0072445 -0072802
2019-4-4 14:02:33 +2097152 +0005754 +0005581 +0007264 +0005709 +0006016 +0007285 +0006484 +0005005 +0007518 +0006411 +0004820 -0072444 -0072800
2019-4-4 14:33:46 +2097152 +0005753 +0005582 +0007266 +0005712 +0006019 +0007287 +0006484 +0005006 +0007521 +0006412 +0004822 -0072420 -0072739
2019-4-4 15:04:59 +2097152 +0005750 +0005579 +0007263 +0005709 +0006016 +0007285 +0006482 +0005004 +0007518 +0006408 +0004818 -0072443 -0072772
2019-4-4 15:36:12 +2097152 +0005752 +0005584 +0007265 +0005712 +0006016 +0007286 +0006484 +0005006 +0007519 +0006411 +0004819 -0072444 -0072786
2019-4-4 16:07:25 +2097152 +0005756 +0005584 +0007266 +0005713 +0006018 +0007287 +0006486 +0005005 +0007522 +0006412 +0004821 -0072441 -0072791
2019-4-4 16:38:37 +2097152 +0005753 +0005583 +0007264 +0005709 +0006017 +0007284 +0006484 +0005004 +0007520 +0006409 +0004821 -0072442 -0072795
2019-4-4 17:09:50 +2097152 +0005752 +0005582 +0007261 +0005709 +0006015 +0007285 +0006484 +0005002 +0007519 +0006410 +0004820 -0072443 -0072798
2019-4-4 17:41:03 +2097152 +0005754 +0005585 +0007267 +0005711 +0006018 +0007286 +0006485 +0005005 +0007519 +0006411 +0004820 -0072441 -0072798
2019-4-4 18:12:16 +2097152 +0005754 +0005586 +0007266 +0005713 +0006018 +0007285 +0006485 +0005006 +0007520 +0006410 +0004822 -0072441 -0072798
2019-4-4 18:43:29 +2097152 +0005753 +0005585 +0007264 +0005710 +0006015 +0007284 +0006485 +0005006 +0007520 +0006410 +0004822 -0072444 -0072801
2019-4-4 19:14:42 +2097152 +0005752 +0005586 +0007267 +0005712 +0006018 +0007285 +0006486 +0005005 +0007520 +0006411 +0004822 -0072442 -0072903
2019-4-4 19:45:55 +2097152 +0005754 +0005586 +0007267 +0005710 +0006018 +0007285 +0006487 +0005006 +0007519 +0006412 +0004822 -0072445 -0072903
2019-4-4 20:17:08 +2097152 +0005753 +0005587 +0007265 +0005712 +0006017 +0007283 +0006489 +0005005 +0007522 +0006413 +0004824 -0072444 -0072904
2019-4-4 20:48:20 +2097152 +0005752 +0005586 +0007266 +0005711 +0006016 +0007283 +0006486 +0005004 +0007518 +0006411 +0004823 -0072443 -0072800
2019-4-4 21:19:33 +2097152 +0005752 +0005586 +0007266 +0005711 +0006018 +0007284 +0006487 +0005005 +0007521 +0006412 +0004821 -0072445 -0072800
2019-4-4 21:50:46 +2097152 +0005752 +0005585 +0007265 +0005711 +0006016 +0007282 +0006489 +0005005 +0007520 +0006410 +0004822 -0072442 -0072799
2019-4-4 22:21:59 +2097152 +0005753 +0005588 +0007267 +0005713 +0006015 +0007284 +0006487 +0005006 +0007521 +0006412 +0004826 -0072440 -0072797
2019-4-4 22:53:12 +2097152 +0005752 +0005586 +0007265 +0005710 +0006015 +0007281 +0006488 +0005004 +0007519 +0006411 +0004822 -0072442 -0072800
2019-4-4 23:24:25 +2097152 +0005752 +0005588 +0007267 +0005712 +0006017 +0007283 +0006490 +0005004 +0007521 +0006410 +0004822 -0072441 -0072798
2019-4-4 23:55:38 +2097152 +0005753 +0005588 +0007268 +0005713 +0006016 +0007283 +0006490 +0005006 +0007521 +0006413 +0004824 -0072438 -0072795
2019-4-5 0:26:50 +2097152 +0005749 +0005586 +0007265 +0005711 +0006015 +0007282 +0006488 +0005004 +0007519 +0006412 +0004823 -0072440 -0072798
2019-4-5 0:58:03 +2097152 +0005754 +0005589 +0007270 +0005714 +0006017 +0007283 +0006491 +0005006 +0007522 +0006413 +0004826 -0072436 -0072793
2019-4-5 1:29:16 +2097152 +0005750 +0005588 +0007267 +0005712 +0006013 +0007280 +0006489 +0005003 +0007519 +0006410 +0004822 -0072439 -0072793
2019-4-5 2:00:29 +2097152 +0005750 +0005587 +0007267 +0005711 +0006014 +0007280 +0006489 +0005003 +0007519 +0006411 +0004824 -0072440 -0072794
2019-4-5 2:31:42 +2097152 +0005751 +0005589 +0007267 +0005712 +0006015 +0007281 +0006490 +0005004 +0007521 +0006411 +0004825 -0072438 -0072794
2019-4-5 3:02:55 +2097152 +0005753 +0005589 +0007268 +0005712 +0006015 +0007282 +0006490 +0005004 +0007520 +0006412 +0004826 -0072438 -0072795
2019-4-5 3:34:08 +2097152 +0005750 +0005588 +0007268 +0005712 +0006015 +0007281 +0006493 +0005003 +0007521 +0006413 +0004824 -0072430 -0072744
2019-4-5 4:05:21 +2097152 +0005752 +0005590 +0007269 +0005714 +0006014 +0007281 +0006492 +0005003 +0007521 +0006413 +0004825 -0072440 -0072770
2019-4-5 4:36:33 +2097152 +0005752 +0005591 +0007270 +0005714 +0006015 +0007282 +0006494 +0005006 +0007523 +0006413 +0004826 -0072437 -0072783
2019-4-5 5:07:46 +2097152 +0005751 +0005590 +0007269 +0005712 +0006014 +0007280 +0006492 +0005002 +0007522 +0006413 +0004825 -0072439 -0072788
2019-4-5 5:38:59 +2097152 +0005752 +0005591 +0007269 +0005715 +0006014 +0007281 +0006493 +0005005 +0007522 +0006411 +0004825 -0072440 -0072792
2019-4-5 6:10:12 +2097152 +0005753 +0005592 +0007269 +0005714 +0006015 +0007280 +0006493 +0005004 +0007522 +0006414 +0004828 -0072436 -0072788
2019-4-5 6:41:25 +2097152 +0005750 +0005590 +0007268 +0005711 +0006013 +0007279 +0006491 +0005002 +0007518 +0006410 +0004825 -0072438 -0072793
2019-4-5 7:12:38 +2097152 +0005753 +0005593 +0007273 +0005713 +0006017 +0007281 +0006495 +0005006 +0007524 +0006415 +0004828 -0072435 -0072789
2019-4-5 7:43:51 +2097152 +0005751 +0005591 +0007269 +0005712 +0006013 +0007279 +0006492 +0005003 +0007520 +0006413 +0004827 -0072439 -0072792
2019-4-5 8:15:04 +2097152 +0005753 +0005591 +0007269 +0005713 +0006014 +0007279 +0006492 +0005003 +0007521 +0006413 +0004828 -0072435 -0072791
